Right,ShoulderPos: (-0.01, 0.63, 0.02),XZ,0.35
0.00000,Right,1,normal,0.00000,0.00000,0.00000,
0.00603,Right,1,normal,0.00000,0.00000,0.00000,
0.01123,Right,1,normal,0.00000,0.00000,0.00000,
0.01603,Right,1,normal,0.00000,0.00000,0.00000,
0.02147,Right,1,normal,0.00000,0.00000,0.00000,
0.02626,Right,1,normal,0.00000,0.00000,0.00000,
0.03280,Right,1,normal,0.00000,0.00000,0.00000,
0.03795,Right,1,normal,0.00000,0.00000,0.00000,
0.04263,Right,1,normal,0.00000,0.00000,0.00000,
0.04716,Right,1,normal,0.00000,0.00000,0.00000,
0.05192,Right,1,normal,0.00000,0.00000,0.00000,
0.05723,Right,1,normal,0.00000,0.00000,0.00000,
0.06235,Right,1,normal,0.00000,0.00000,0.00000,
0.06738,Right,1,normal,0.00000,0.00000,0.00000,
0.08172,Right,1,normal,0.00000,0.00000,0.00000,
0.09572,Right,1,normal,0.00000,0.00000,0.00000,
0.10959,Right,1,normal,0.00000,0.00000,0.00000,
0.12181,Right,1,normal,0.00000,0.00000,0.00000,
0.12686,Right,1,normal,0.00000,0.00000,0.00000,
0.13114,Right,1,normal,0.00000,0.00000,0.00000,
0.13538,Right,1,normal,0.00000,0.00000,0.00000,
0.14003,Right,1,normal,0.00000,0.00000,0.00000,
0.14425,Right,1,normal,0.00000,0.00000,0.00000,
0.14842,Right,1,normal,0.00000,0.00000,0.00000,
0.15265,Right,1,normal,0.00000,0.00000,0.00000,
0.15723,Right,1,normal,0.00000,0.00000,0.00000,
0.16146,Right,1,normal,0.00000,0.00000,0.00000,
0.16555,Right,1,normal,0.00000,0.00000,0.00000,
0.16964,Right,1,normal,0.00000,0.00000,0.00000,
0.17386,Right,1,normal,0.00000,0.00000,0.00000,
0.17846,Right,1,normal,0.00000,0.00000,0.00000,
0.18283,Right,1,normal,0.00000,0.00000,0.00000,
0.18727,Right,1,normal,0.00000,0.00000,0.00000,
0.19165,Right,1,normal,0.00000,0.00000,0.00000,
0.19621,Right,1,normal,0.00000,0.00000,0.00000,
0.20118,Right,1,normal,0.00000,0.00000,0.00000,
0.21382,Right,1,normal,0.00000,0.00000,0.00000,
0.21947,Right,1,normal,0.00000,0.00000,0.00000,
0.23280,Right,1,normal,0.00000,0.00000,0.00000,
0.23956,Right,1,normal,0.00000,0.00000,0.00000,
0.24387,Right,1,normal,0.00000,0.00000,0.00000,
0.24817,Right,1,normal,0.00000,0.00000,0.00000,
0.25255,Right,1,normal,0.00000,0.00000,0.00000,
0.25727,Right,1,normal,0.00000,0.00000,0.00000,
0.26143,Right,1,normal,0.00000,0.00000,0.00000,
0.26566,Right,1,normal,0.00000,0.00000,0.00000,
0.26997,Right,1,normal,0.00000,0.00000,0.00000,
0.27406,Right,1,normal,0.00000,0.00000,0.00000,
0.27894,Right,1,normal,0.00000,0.00000,0.00000,
0.28318,Right,1,normal,0.00000,0.00000,0.00000,
0.29027,Right,1,normal,0.00000,0.00000,0.00000,
0.29457,Right,1,normal,0.00000,0.00000,0.00000,
0.29919,Right,1,normal,0.00000,0.00000,0.00000,
0.30345,Right,1,normal,0.00000,0.00000,0.00000,
0.30755,Right,1,normal,0.00000,0.00000,0.00000,
0.31174,Right,1,normal,0.00000,0.00000,0.00000,
0.31580,Right,1,normal,0.00000,0.00000,0.00000,
0.32037,Right,1,normal,0.00000,0.00000,0.00000,
0.32450,Right,1,normal,0.00000,0.00000,0.00000,
0.32863,Right,1,normal,0.00000,0.00000,0.00000,
0.33279,Right,1,normal,0.00000,0.00000,0.00000,
0.33736,Right,1,normal,0.00000,0.00000,0.00000,
0.34154,Right,1,normal,0.00000,0.00000,0.00000,
0.34591,Right,1,normal,0.00000,0.00000,0.00000,
0.35057,Right,1,normal,0.00000,0.00000,0.00000,
0.35727,Right,1,normal,0.00000,0.00000,0.00000,
0.36212,Right,1,normal,0.00000,0.00000,0.00000,
0.36626,Right,1,normal,0.00000,0.00000,0.00000,
0.37105,Right,1,normal,0.00000,0.00000,0.00000,
0.38379,Right,1,normal,0.00000,0.00000,0.00000,
0.38878,Right,1,normal,0.00000,0.00000,0.00000,
0.39326,Right,1,normal,0.00000,0.00000,0.00000,
0.39789,Right,1,normal,0.00000,0.00000,0.00000,
0.40259,Right,1,normal,0.00000,0.00000,0.00000,
0.40747,Right,1,normal,0.00000,0.00000,0.00000,
0.41979,Right,1,normal,0.00000,0.00000,0.00000,
0.42505,Right,1,normal,0.00000,0.00000,0.00000,
0.43719,Right,1,normal,0.00000,0.00000,0.00000,
0.45271,Right,1,normal,0.00000,0.00000,0.00000,
0.46663,Right,1,normal,0.00000,0.00000,0.00000,
0.47996,Right,1,normal,0.00000,0.00000,0.00000,
0.49359,Right,1,normal,0.00000,0.00000,0.00000,
0.50685,Right,1,normal,0.00000,0.00000,0.00000,
0.52015,Right,1,normal,0.00000,0.00000,0.00000,
0.53393,Right,1,normal,0.00000,0.00000,0.00000,
0.54772,Right,1,normal,0.00000,0.00000,0.00000,
0.56064,Right,1,normal,0.00000,0.00000,0.00000,
0.57444,Right,1,normal,0.00000,0.00000,0.00000,
0.58762,Right,1,normal,0.00000,0.00000,0.00000,
0.60137,Right,1,normal,0.00000,0.00000,0.00000,
0.61446,Right,1,normal,0.00000,0.00000,0.00000,
0.62761,Right,1,normal,0.00000,0.00000,0.00000,
0.64020,Right,1,normal,0.00000,0.00000,0.00000,
0.65564,Right,1,normal,0.00000,0.00000,0.00000,
0.66151,Right,1,normal,0.00000,0.00000,0.00000,
0.67441,Right,1,normal,0.00000,0.00000,0.00000,
0.68011,Right,1,normal,0.00000,0.00000,0.00000,
0.69298,Right,1,normal,0.00000,0.00000,0.00000,
0.70576,Right,1,normal,0.00000,0.00000,0.00000,
0.71144,Right,1,normal,0.00000,0.00000,0.00000,
0.71577,Right,1,normal,0.00000,0.00000,0.00000,
0.72927,Right,1,normal,0.00000,0.00000,0.00000,
0.73452,Right,1,normal,0.00000,0.00000,0.00000,
0.73935,Right,1,normal,0.00000,0.00000,0.00000,
0.74367,Right,1,normal,0.00000,0.00000,0.00000,
0.74792,Right,1,normal,0.00000,0.00000,0.00000,
0.75215,Right,1,normal,0.00000,0.00000,0.00000,
0.75650,Right,1,normal,0.00000,0.00000,0.00000,
0.76128,Right,1,normal,0.00000,0.00000,0.00000,
0.76566,Right,1,normal,0.00000,0.00000,0.00000,
0.76994,Right,1,normal,0.00000,0.00000,0.00000,
0.77425,Right,1,normal,0.00000,0.00000,0.00000,
0.77895,Right,1,normal,0.00000,0.00000,0.00000,
0.78325,Right,1,normal,0.00000,0.00000,0.00000,
0.78759,Right,1,normal,0.00000,0.00000,0.00000,
0.79175,Right,1,normal,0.00000,0.00000,0.00000,
0.79606,Right,1,normal,0.00000,0.00000,0.00000,
0.80097,Right,1,normal,0.00000,0.00000,0.00000,
0.80511,Right,1,normal,0.00000,0.00000,0.00000,
0.80933,Right,1,normal,0.00000,0.00000,0.00000,
0.81351,Right,1,normal,0.00000,0.00000,0.00000,
0.81824,Right,1,normal,0.00000,0.00000,0.00000,
0.82242,Right,1,normal,0.00000,0.00000,0.00000,
0.82687,Right,1,normal,0.00000,0.00000,0.00000,
0.83130,Right,1,normal,0.00000,0.00000,0.00000,
0.83554,Right,1,normal,0.00000,0.00000,0.00000,
0.84013,Right,1,normal,0.00000,0.00000,0.00000,
0.84454,Right,1,normal,0.00000,0.00000,0.00000,
0.85920,Right,1,normal,0.00000,0.00000,0.00000,
0.86406,Right,1,normal,0.00000,0.00000,0.00000,
0.86835,Right,1,normal,0.00000,0.00000,0.00000,
0.87262,Right,1,normal,0.00000,0.00000,0.00000,
0.87733,Right,1,normal,0.00000,0.00000,0.00000,
0.88152,Right,1,normal,0.00000,0.00000,0.00000,
0.88566,Right,1,normal,0.00000,0.00000,0.00000,
0.89039,Right,1,normal,0.00000,0.00000,0.00000,
0.89474,Right,1,normal,0.00000,0.00000,0.00000,
0.89970,Right,1,normal,0.00000,0.00000,0.00000,
0.90393,Right,1,normal,0.00000,0.00000,0.00000,
0.90805,Right,1,normal,0.00000,0.00000,0.00000,
0.91232,Right,1,normal,0.00000,0.00000,0.00000,
0.91653,Right,1,normal,0.00000,0.00000,0.00000,
0.92389,Right,1,normal,0.00000,0.00000,0.00000,
0.92804,Right,1,normal,0.00000,0.00000,0.00000,
0.93221,Right,1,normal,0.00000,0.00000,0.00000,
0.93648,Right,1,normal,0.00000,0.00000,0.00000,
0.94104,Right,1,normal,0.00000,0.00000,0.00000,
0.95314,Right,1,normal,0.00000,0.00000,0.00000,
0.95813,Right,1,normal,0.00000,0.00000,0.00000,
0.96236,Right,1,normal,0.00000,0.00000,0.00000,
0.96654,Right,1,normal,0.00000,0.00000,0.00000,
0.97089,Right,1,normal,0.00000,0.00000,0.00000,
0.97515,Right,1,normal,0.00000,0.00000,0.00000,
0.97980,Right,1,normal,0.00000,0.00000,0.00000,
0.98404,Right,1,normal,0.00000,0.00000,0.00000,
0.99059,Right,1,normal,0.00000,0.00000,0.00000,
0.99503,Right,1,normal,0.00000,0.00000,0.00000,
1.00860,Right,1,normal,0.00000,0.00000,0.00000,
1.01325,Right,1,normal,0.00000,0.00000,0.00000,
1.02157,Right,1,normal,0.00000,0.00000,0.00000,
1.02596,Right,1,normal,0.00000,0.00000,0.00000,
1.03020,Right,1,normal,0.00000,0.00000,0.00000,
1.03445,Right,1,normal,0.00000,0.00000,0.00000,
1.03921,Right,1,normal,0.00000,0.00000,0.00000,
1.04345,Right,1,normal,0.00000,0.00000,0.00000,
1.04767,Right,1,normal,0.00000,0.00000,0.00000,
1.05380,Right,1,normal,0.00000,0.00000,0.00000,
1.05855,Right,1,normal,0.00000,0.00000,0.00000,
1.06271,Right,1,normal,0.00000,0.00000,0.00000,
1.06706,Right,1,normal,0.00000,0.00000,0.00000,
1.07124,Right,1,normal,0.00000,0.00000,0.00000,
1.07555,Right,1,normal,0.00000,0.00000,0.00000,
1.08031,Right,1,normal,0.00000,0.00000,0.00000,
1.08466,Right,1,normal,0.00000,0.00000,0.00000,
1.09041,Right,1,normal,0.00000,0.00000,0.00000,
1.09455,Right,1,normal,0.00000,0.00000,0.00000,
1.09929,Right,1,normal,0.00000,0.00000,0.00000,
1.10365,Right,1,normal,0.00000,0.00000,0.00000,
1.10797,Right,1,normal,0.00000,0.00000,0.00000,
1.11219,Right,1,normal,0.00000,0.00000,0.00000,
1.11643,Right,1,normal,0.00000,0.00000,0.00000,
1.12377,Right,1,normal,0.00000,0.00000,0.00000,
1.12795,Right,1,normal,0.00000,0.00000,0.00000,
1.13215,Right,1,normal,0.00000,0.00000,0.00000,
1.13636,Right,1,normal,0.00000,0.00000,0.00000,
1.14096,Right,1,normal,0.00000,0.00000,0.00000,
1.14532,Right,1,normal,0.00000,0.00000,0.00000,
1.15808,Right,1,normal,0.00000,0.00000,0.00000,
1.16304,Right,1,normal,0.00000,0.00000,0.00000,
1.16725,Right,1,normal,0.00000,0.00000,0.00000,
1.17142,Right,1,normal,0.00000,0.00000,0.00000,
1.17565,Right,1,normal,0.00000,0.00000,0.00000,
1.18036,Right,1,normal,0.00000,0.00000,0.00000,
1.18466,Right,1,normal,0.00000,0.00000,0.00000,
1.19054,Right,1,normal,0.00000,0.00000,0.00000,
1.19475,Right,1,normal,0.00000,0.00000,0.00000,
1.20721,Right,1,normal,0.00000,0.00000,0.00000,
1.21202,Right,1,normal,0.00000,0.00000,0.00000,
1.21654,Right,1,normal,0.00000,0.00000,0.00000,
1.22362,Right,1,normal,0.00000,0.00000,0.00000,
1.22813,Right,1,normal,0.00000,0.00000,0.00000,
1.23266,Right,1,normal,0.00000,0.00000,0.00000,
1.23768,Right,1,normal,0.00000,0.00000,0.00000,
1.24213,Right,1,normal,0.00000,0.00000,0.00000,
1.24664,Right,1,normal,0.00000,0.00000,0.00000,
1.25105,Right,1,normal,0.00000,0.00000,0.00000,
1.25922,Right,1,normal,0.00000,0.00000,0.00000,
1.26413,Right,1,normal,0.00000,0.00000,0.00000,
1.26854,Right,1,normal,0.00000,0.00000,0.00000,
1.27281,Right,1,normal,0.00000,0.00000,0.00000,
1.27755,Right,1,normal,0.00000,0.00000,-0.00481,
1.28236,Right,1,normal,0.00000,0.00000,-0.00978,
1.28733,Right,1,normal,0.00000,0.00000,-0.01452,
1.29207,Right,1,normal,0.00000,0.00000,-0.01933,
1.29688,Right,1,normal,0.00000,0.00000,-0.03305,
1.31060,Right,1,normal,0.00000,0.00000,-0.04578,
1.32333,Right,1,normal,0.00000,0.00000,-0.06022,
1.33777,Right,1,normal,0.00000,0.00000,-0.07356,
1.35111,Right,1,normal,0.00000,0.00000,-0.08713,
1.36469,Right,1,normal,0.00000,0.00000,-0.10074,
1.37829,Right,1,normal,0.00000,0.00000,-0.11484,
1.39239,Right,1,normal,0.00000,0.00000,-0.12755,
1.40510,Right,1,normal,0.00000,0.00000,-0.14174,
1.41929,Right,1,normal,0.00000,0.00000,-0.15487,
1.43242,Right,1,normal,0.00000,0.00000,-0.16833,
1.44588,Right,1,normal,0.00000,0.00000,-0.18170,
1.45926,Right,1,normal,0.00000,0.00000,-0.19871,
1.47626,Right,1,normal,0.00000,0.00000,-0.22159,
1.49914,Right,1,normal,0.00000,0.00000,-0.23627,
1.51382,Right,1,normal,0.00000,0.00000,-0.25116,
1.52871,Right,1,normal,0.00000,0.00000,-0.25116,
1.54227,Right,1,normal,0.00000,0.00000,-0.25116,
1.55656,Right,1,normal,0.00000,0.00000,-0.25116,
1.56944,Right,1,normal,0.00000,0.00000,-0.25116,
1.57407,Right,1,normal,0.00000,0.00000,-0.25116,
1.57894,Right,1,normal,0.00000,0.00000,-0.25116,
1.58337,Right,1,normal,0.00000,0.00000,-0.25116,
1.58764,Right,1,normal,0.00000,0.00000,-0.25116,
1.59206,Right,1,normal,0.00000,0.00000,-0.25116,
1.59633,Right,1,normal,0.00000,0.00000,-0.25116,
1.60106,Right,1,normal,0.00000,0.00000,-0.25116,
1.60534,Right,1,normal,0.00000,0.00000,-0.25116,
1.60966,Right,1,normal,0.00000,0.00000,-0.25116,
1.62212,Right,1,normal,0.00000,0.00000,-0.25116,
1.62739,Right,1,normal,0.00000,0.00000,-0.25116,
1.63160,Right,1,normal,0.00000,0.00000,-0.25116,
1.63585,Right,1,normal,0.00000,0.00000,-0.25116,
1.64040,Right,1,normal,0.00000,0.00000,-0.25116,
1.64455,Right,1,normal,0.00000,0.00000,-0.25116,
1.64879,Right,1,normal,0.00000,0.00000,-0.25116,
1.65295,Right,1,normal,0.00000,0.00000,-0.25116,
1.65746,Right,1,normal,0.00000,0.00000,-0.25116,
1.66170,Right,1,normal,0.00000,0.00000,-0.25116,
1.66795,Right,1,normal,0.00000,0.00000,-0.25116,
1.67236,Right,1,normal,0.00000,0.00000,-0.25116,
1.67654,Right,1,normal,0.00000,0.00000,-0.25116,
1.68171,Right,1,normal,0.00000,0.00000,-0.25116,
1.68616,Right,1,normal,0.00000,0.00000,-0.25116,
1.69046,Right,1,normal,0.00000,0.00000,-0.25116,
1.69474,Right,1,normal,0.00000,0.00000,-0.25116,
1.69935,Right,1,normal,0.00000,0.00000,-0.25116,
1.70353,Right,1,normal,0.00000,0.00000,-0.25116,
1.70789,Right,1,normal,0.00000,0.00000,-0.25116,
1.71597,Right,1,normal,0.00000,0.00000,-0.25116,
1.72075,Right,1,normal,0.00000,0.00000,-0.25116,
1.72503,Right,1,normal,0.00000,0.00000,-0.25116,
1.72931,Right,1,normal,0.00000,0.00000,-0.24641,
1.73406,Right,1,normal,0.00000,0.00000,-0.24109,
1.73938,Right,1,normal,0.00000,0.00000,-0.23654,
1.74393,Right,1,normal,0.00000,0.00000,-0.21434,
1.76613,Right,1,normal,0.00000,0.00000,-0.20014,
1.78033,Right,1,normal,0.00000,0.00000,-0.18556,
1.79491,Right,1,normal,0.00000,0.00000,-0.17157,
1.80890,Right,1,normal,0.00000,0.00000,-0.15747,
1.82300,Right,1,normal,0.00000,0.00000,-0.14376,
1.83671,Right,1,normal,0.00000,0.00000,-0.12926,
1.85121,Right,1,normal,0.00000,0.00000,-0.11615,
1.86432,Right,1,normal,0.00000,0.00000,-0.09976,
1.88071,Right,1,normal,0.00000,0.00000,-0.08606,
1.89441,Right,1,normal,0.00000,0.00000,-0.07165,
1.90883,Right,1,normal,0.00000,0.00000,-0.05841,
1.92206,Right,1,normal,0.00000,0.00000,-0.04386,
1.93661,Right,1,normal,0.00000,0.00000,-0.02935,
1.95112,Right,1,normal,0.00000,0.00000,-0.01579,
1.96468,Right,1,normal,0.00000,0.00000,-0.01579,
1.97985,Right,1,normal,0.00000,0.00000,-0.01579,
1.99320,Right,1,normal,0.00000,0.00000,-0.01579,
2.00702,Right,1,normal,0.00000,0.00000,-0.01579,
2.01913,Right,1,normal,0.00000,0.00000,-0.01579,
2.02435,Right,1,normal,0.00000,0.00000,-0.01579,
2.02881,Right,1,normal,0.00000,0.00000,-0.01579,
2.03305,Right,1,normal,0.00000,0.00000,-0.01579,
2.04079,Right,1,normal,0.00000,0.00000,-0.01579,
2.04507,Right,1,normal,0.00000,0.00000,-0.01579,
2.04936,Right,1,normal,0.00000,0.00000,-0.01579,
2.05353,Right,1,normal,0.00000,0.00000,-0.01579,
2.06736,Right,1,normal,0.00000,0.00000,-0.01579,
2.07291,Right,1,normal,0.00000,0.00000,-0.01579,
2.08748,Right,1,normal,0.00000,0.00000,-0.01579,
2.09195,Right,1,normal,0.00000,0.00000,-0.01579,
2.09628,Right,1,normal,0.00000,0.00000,-0.01579,
2.10106,Right,1,normal,0.00000,0.00000,-0.01579,
2.10537,Right,1,normal,0.00000,0.00000,-0.01579,
2.10965,Right,1,normal,0.00000,0.00000,-0.01579,
2.11576,Right,1,normal,0.00000,0.00000,-0.01579,
2.12066,Right,1,normal,0.00000,0.00000,-0.01579,
2.12503,Right,1,normal,0.00000,0.00000,-0.01579,
2.12936,Right,1,normal,0.00000,0.00000,-0.01579,
2.13365,Right,1,normal,0.00000,0.00000,-0.01579,
2.13842,Right,1,normal,0.00000,0.00000,-0.01579,
2.14288,Right,1,normal,0.00000,0.00000,-0.02211,
2.14920,Right,1,normal,0.00000,0.00000,-0.02705,
2.15414,Right,1,normal,0.00000,0.00000,-0.03274,
2.15983,Right,1,normal,0.00000,0.00000,-0.04610,
2.17319,Right,1,normal,0.00000,0.00000,-0.05991,
2.18700,Right,1,normal,0.00000,0.00000,-0.07397,
2.20106,Right,1,normal,0.00000,0.00000,-0.08752,
2.21461,Right,1,normal,0.00000,0.00000,-0.10229,
2.22938,Right,1,normal,0.00000,0.00000,-0.11561,
2.24270,Right,1,normal,0.00000,0.00000,-0.13004,
2.25713,Right,1,normal,0.00000,0.00000,-0.14405,
2.27114,Right,1,normal,0.00000,0.00000,-0.15829,
2.28538,Right,1,normal,0.00000,0.00000,-0.17429,
2.30138,Right,1,normal,0.00000,0.00000,-0.18950,
2.31659,Right,1,normal,0.00000,0.00000,-0.20340,
2.33049,Right,1,normal,0.00000,0.00000,-0.22340,
2.35049,Right,1,normal,0.00000,0.00000,-0.24221,
2.36930,Right,1,normal,0.00000,0.00000,-0.25755,
2.38464,Right,1,normal,0.00000,0.00000,-0.27142,
2.39850,Right,1,normal,0.00000,0.00000,-0.28611,
2.41320,Right,1,normal,0.00000,0.00000,-0.30030,
2.42738,Right,1,normal,0.00000,0.00000,-0.31480,
2.44189,Right,1,normal,0.00000,0.00000,-0.32923,
2.45632,Right,1,normal,0.00000,0.00000,-0.34431,
2.47140,Right,1,normal,0.00000,0.00000,-0.35759,
2.48468,Right,1,normal,0.00000,0.00000,-0.37244,
2.49953,Right,1,normal,0.00000,0.00000,-0.38916,
2.51625,Right,1,normal,0.00000,0.00000,-0.40440,
2.53148,Right,1,normal,0.00000,0.00000,-0.40440,
2.54547,Right,1,normal,0.00000,0.00000,-0.40440,
2.55943,Right,1,normal,0.00000,0.00000,-0.40440,
2.57222,Right,1,normal,0.00000,0.00000,-0.40440,
2.57676,Right,1,normal,0.00000,0.00000,-0.40440,
2.58155,Right,1,normal,0.00000,0.00000,-0.40440,
2.58586,Right,1,normal,0.00000,0.00000,-0.40440,
2.59009,Right,1,normal,0.00000,0.00000,-0.40440,
2.59425,Right,1,normal,0.00000,0.00000,-0.40440,
2.59875,Right,1,normal,0.00000,0.00000,-0.40440,
2.60284,Right,1,normal,0.00000,0.00000,-0.40440,
2.60710,Right,1,normal,0.00000,0.00000,-0.40440,
2.61146,Right,1,normal,0.00000,0.00000,-0.40440,
2.61566,Right,1,normal,0.00000,0.00000,-0.40440,
2.62042,Right,1,normal,0.00000,0.00000,-0.40440,
2.62456,Right,1,normal,0.00000,0.00000,-0.40440,
2.62865,Right,1,normal,0.00000,0.00000,-0.40440,
2.63277,Right,1,normal,0.00000,0.00000,-0.39313,
2.64404,Right,1,normal,0.00000,0.00000,-0.38339,
2.65378,Right,1,normal,0.00000,0.00000,-0.36888,
2.66828,Right,1,normal,0.00000,0.00000,-0.35506,
2.68210,Right,1,normal,0.00000,0.00000,-0.33991,
2.69726,Right,1,normal,0.00000,0.00000,-0.32586,
2.71130,Right,1,normal,0.00000,0.00000,-0.30915,
2.72801,Right,1,normal,0.00000,0.00000,-0.29460,
2.74256,Right,1,normal,0.00000,0.00000,-0.27921,
2.75795,Right,1,normal,0.00000,0.00000,-0.26465,
2.77251,Right,1,normal,0.00000,0.00000,-0.24973,
2.78743,Right,1,normal,0.00000,0.00000,-0.23516,
2.80201,Right,1,normal,0.00000,0.00000,-0.21997,
2.81719,Right,1,normal,0.00000,0.00000,-0.20544,
2.83173,Right,1,normal,0.00000,0.00000,-0.19078,
2.84638,Right,1,normal,0.00000,0.00000,-0.17596,
2.86120,Right,1,normal,0.00000,0.00000,-0.16064,
2.87652,Right,1,normal,0.00000,0.00000,-0.14637,
2.89080,Right,1,normal,0.00000,0.00000,-0.13229,
2.90488,Right,1,normal,0.00000,0.00000,-0.11695,
2.92021,Right,1,normal,0.00000,0.00000,-0.10061,
2.93655,Right,1,normal,0.00000,0.00000,-0.07895,
2.95821,Right,1,normal,0.00000,0.00000,-0.05574,
2.98142,Right,1,normal,0.00000,0.00000,-0.04025,
2.99691,Right,1,normal,0.00000,0.00000,-0.02524,
3.01192,Right,1,normal,0.00000,0.00000,-0.01004,
3.02713,Right,1,normal,0.00000,0.00000,-0.01004,
3.04147,Right,1,normal,0.00000,0.00000,-0.01004,
3.05462,Right,1,normal,0.00000,0.00000,-0.01004,
3.06810,Right,1,normal,0.00000,0.00000,-0.01004,
3.08051,Right,1,normal,0.00000,0.00000,-0.01004,
3.08575,Right,1,normal,0.00000,0.00000,-0.01004,
3.09004,Right,1,normal,0.00000,0.00000,-0.01004,
3.09437,Right,1,normal,0.00000,0.00000,-0.01004,
3.09900,Right,1,normal,0.00000,0.00000,-0.01004,
3.10322,Right,1,normal,0.00000,0.00000,-0.01004,
3.10749,Right,1,normal,0.00000,0.00000,-0.01004,
3.11185,Right,1,normal,0.00000,0.00000,-0.01004,
3.11604,Right,1,normal,0.00000,0.00000,-0.01004,
3.12069,Right,1,normal,0.00000,0.00000,-0.01004,
3.12695,Right,1,normal,0.00000,0.00000,-0.01004,
3.13127,Right,1,normal,0.00000,0.00000,-0.01004,
3.13545,Right,1,normal,0.00000,0.00000,-0.01004,
3.14008,Right,1,normal,0.00000,0.00000,-0.01004,
3.14449,Right,1,normal,0.00000,0.00000,-0.01004,
3.14873,Right,1,normal,0.00000,0.00000,-0.01004,
3.15295,Right,1,normal,0.00000,0.00000,-0.01004,
3.15755,Right,1,normal,0.00000,0.00000,-0.01004,
3.16194,Right,1,normal,-0.01332,0.00000,-0.01004,
3.17526,Right,1,normal,-0.01888,0.00000,-0.01004,
3.18082,Right,1,normal,-0.03278,0.00000,-0.01004,
3.19472,Right,1,normal,-0.04687,0.00000,-0.01004,
3.20881,Right,1,normal,-0.06144,0.00000,-0.01004,
3.22338,Right,1,normal,-0.07555,0.00000,-0.01004,
3.23749,Right,1,normal,-0.09062,0.00000,-0.01004,
3.25256,Right,1,normal,-0.11223,0.00000,-0.03165,
3.27417,Right,1,normal,-0.13580,0.00000,-0.05521,
3.29774,Right,1,normal,-0.15040,0.00000,-0.06981,
3.31234,Right,1,normal,-0.16580,0.00000,-0.08521,
3.32774,Right,1,normal,-0.18283,0.00000,-0.10225,
3.34477,Right,1,normal,-0.19739,0.00000,-0.11681,
3.35933,Right,1,normal,-0.21237,0.00000,-0.13179,
3.37431,Right,1,normal,-0.22673,0.00000,-0.14615,
3.38867,Right,1,normal,-0.24179,0.00000,-0.16120,
3.40373,Right,1,normal,-0.25609,0.00000,-0.17551,
3.41803,Right,1,normal,-0.27126,0.00000,-0.19068,
3.43321,Right,1,normal,-0.28549,0.00000,-0.20491,
3.44743,Right,1,normal,-0.30003,0.00000,-0.21945,
3.46197,Right,1,normal,-0.31413,0.00000,-0.23355,
3.47607,Right,1,normal,-0.32906,0.00000,-0.24847,
3.49099,Right,1,normal,-0.34304,0.00000,-0.26245,
3.50498,Right,1,normal,-0.35766,0.00000,-0.27707,
3.51960,Right,1,normal,-0.37331,0.00000,-0.29272,
3.53525,Right,1,normal,-0.39052,0.00000,-0.30993,
3.55246,Right,1,normal,-0.39052,0.00000,-0.32683,
3.56936,Right,1,normal,-0.39052,0.00000,-0.34418,
3.58671,Right,1,normal,-0.39052,0.00000,-0.36135,
3.60388,Right,1,normal,-0.39052,0.00000,-0.38317,
3.62570,Right,1,normal,-0.39052,0.00000,-0.40911,
3.65164,Right,1,normal,-0.39052,0.00000,-0.42556,
3.66808,Right,1,normal,-0.39052,0.00000,-0.42556,
3.68430,Right,1,normal,-0.39052,0.00000,-0.42556,
3.69803,Right,1,normal,-0.37608,0.00000,-0.42556,
3.71246,Right,1,normal,-0.36101,0.00000,-0.42556,
3.72754,Right,1,normal,-0.34592,0.00000,-0.42556,
3.74263,Right,1,normal,-0.32806,0.00000,-0.42556,
3.76048,Right,1,normal,-0.31321,0.00000,-0.42556,
3.77534,Right,1,normal,-0.29693,0.00000,-0.42556,
3.79162,Right,1,normal,-0.28239,0.00000,-0.42556,
3.80616,Right,1,normal,-0.26645,0.00000,-0.42556,
3.82210,Right,1,normal,-0.25141,0.00000,-0.42556,
3.83714,Right,1,normal,-0.23607,0.00000,-0.41021,
3.85248,Right,1,normal,-0.22063,0.00000,-0.39478,
3.86792,Right,1,normal,-0.20557,0.00000,-0.37972,
3.88298,Right,1,normal,-0.19018,0.00000,-0.36432,
3.89837,Right,1,normal,-0.17476,0.00000,-0.34890,
3.91379,Right,1,normal,-0.15870,0.00000,-0.33284,
3.92985,Right,1,normal,-0.14410,0.00000,-0.31824,
3.94445,Right,1,normal,-0.11851,0.00000,-0.29265,
3.97004,Right,1,normal,-0.09709,0.00000,-0.27123,
3.99146,Right,1,normal,-0.07122,0.00000,-0.24536,
4.01733,Right,1,normal,-0.05204,0.00000,-0.22618,
4.03651,Right,1,normal,-0.03565,0.00000,-0.20980,
4.05290,Right,1,normal,-0.02024,0.00000,-0.19438,
4.06831,Right,1,normal,-0.00465,0.00000,-0.17880,
4.08390,Right,1,normal,0.01077,0.00000,-0.16337,
4.09932,Right,1,normal,0.02656,0.00000,-0.14759,
4.11511,Right,1,normal,0.02656,0.00000,-0.13193,
4.13076,Right,1,normal,0.02656,0.00000,-0.11610,
4.14660,Right,1,normal,0.02656,0.00000,-0.09867,
4.16402,Right,1,normal,0.02656,0.00000,-0.08341,
4.17929,Right,1,normal,0.02656,0.00000,-0.06745,
4.19524,Right,1,normal,0.02656,0.00000,-0.04683,
4.21587,Right,1,normal,0.02656,0.00000,-0.01896,
4.24373,Right,1,normal,0.02656,0.00000,-0.00330,
4.25939,Right,1,normal,0.02656,0.00000,0.01363,
4.27632,Right,1,normal,0.02656,0.00000,0.01363,
4.29221,Right,1,normal,0.02656,0.00000,0.01363,
4.30621,Right,1,normal,0.02656,0.00000,0.01363,
4.31962,Right,1,normal,0.02656,0.00000,0.01363,
4.32475,Right,1,normal,0.02656,0.00000,0.01363,
4.32929,Right,1,normal,0.02656,0.00000,0.01363,
4.33397,Right,1,normal,0.02656,0.00000,0.01363,
4.33888,Right,1,normal,0.02656,0.00000,0.01363,
4.34314,Right,1,normal,0.02656,0.00000,0.01363,
4.34752,Right,1,normal,0.02656,0.00000,0.01363,
4.35391,Right,1,normal,0.02656,0.00000,0.01363,
4.35867,Right,1,normal,0.02656,0.00000,0.01363,
4.36303,Right,1,normal,0.02656,0.00000,0.01363,
4.36744,Right,1,normal,0.02656,0.00000,0.01363,
4.37450,Right,1,normal,0.02656,0.00000,0.01363,
4.37975,Right,1,normal,0.02656,0.00000,0.01363,
4.38767,Right,1,normal,0.02656,0.00000,0.01363,
4.39204,Right,1,normal,0.02656,0.00000,0.01363,
4.39646,Right,1,normal,0.02656,0.00000,0.01363,
4.40179,Right,1,normal,0.02656,0.00000,0.01363,
4.40613,Right,1,normal,0.02656,0.00000,0.01363,
4.41048,Right,1,normal,0.02656,0.00000,0.01363,
4.41481,Right,1,normal,0.02656,0.00000,0.01363,
4.41965,Right,1,normal,0.02656,0.00000,0.01363,
4.42410,Right,1,normal,0.02165,0.00000,0.01363,
4.42901,Right,1,normal,0.01681,0.00000,0.01363,
4.43385,Right,1,normal,0.01135,0.00000,0.01363,
4.43931,Right,1,normal,0.00642,0.00000,0.01363,
4.44424,Right,1,normal,-0.00854,0.00000,0.01363,
4.45920,Right,1,normal,-0.02355,0.00000,0.01363,
4.47422,Right,1,normal,-0.04559,0.00000,0.01363,
4.49625,Right,1,normal,-0.04559,0.00000,0.01363,
4.51788,Right,1,normal,-0.04559,0.00000,0.01363,
4.53243,Right,1,normal,-0.04559,0.00000,0.01363,
4.54509,Right,1,normal,-0.04559,0.00000,0.01363,
4.55071,Right,1,normal,-0.04559,0.00000,0.01363,
4.55743,Right,1,normal,-0.04559,0.00000,0.01363,
4.56257,Right,1,normal,-0.04559,0.00000,0.01363,
4.56705,Right,1,normal,-0.04559,0.00000,0.01363,
4.57146,Right,1,normal,-0.04559,0.00000,0.01363,
4.57587,Right,1,normal,-0.04559,0.00000,0.00809,
4.58141,Right,1,normal,-0.04559,0.00000,0.00323,
4.58627,Right,1,normal,-0.04559,0.00000,-0.00174,
4.59124,Right,1,normal,-0.04559,0.00000,-0.01638,
4.60587,Right,1,normal,-0.04559,0.00000,-0.03152,
4.62101,Right,1,normal,-0.04559,0.00000,-0.04724,
4.63673,Right,1,normal,-0.04559,0.00000,-0.06232,
4.65181,Right,1,normal,-0.04559,0.00000,-0.07795,
4.66745,Right,1,normal,-0.04559,0.00000,-0.09340,
4.68290,Right,1,normal,-0.04559,0.00000,-0.09340,
4.69898,Right,1,normal,-0.04559,0.00000,-0.09340,
4.71232,Right,1,normal,-0.04559,0.00000,-0.09340,
4.72541,Right,1,normal,-0.04559,0.00000,-0.09340,
4.73827,Right,1,normal,-0.04559,0.00000,-0.09340,
4.74323,Right,1,normal,-0.04559,0.00000,-0.09340,
4.74759,Right,1,normal,-0.04559,0.00000,-0.09340,
4.75188,Right,1,normal,-0.04559,0.00000,-0.09340,
4.75838,Right,1,normal,-0.04559,0.00000,-0.09340,
4.77116,Right,1,normal,-0.04559,0.00000,-0.09340,
4.77576,Right,1,normal,-0.04559,0.00000,-0.09340,
4.78041,Right,1,normal,-0.04559,0.00000,-0.09340,
4.79061,Right,1,normal,-0.04559,0.00000,-0.09340,
4.80112,Right,1,normal,-0.04559,0.00000,-0.09340,
4.80666,Right,1,normal,-0.04559,0.00000,-0.09340,
4.81116,Right,1,normal,-0.04559,0.00000,-0.09340,
4.81564,Right,1,normal,-0.04559,0.00000,-0.09340,
4.82095,Right,1,normal,-0.04559,0.00000,-0.09340,
4.82526,Right,1,normal,-0.04559,0.00000,-0.09340,
4.82965,Right,1,normal,-0.04559,0.00000,-0.09340,
4.83394,Right,1,normal,-0.04559,0.00000,-0.09340,
4.83907,Right,1,normal,-0.04559,0.00000,-0.09340,
4.84344,Right,1,normal,-0.04559,0.00000,-0.09340,
4.84765,Right,1,normal,-0.04559,0.00000,-0.09340,
4.85206,Right,1,normal,-0.04559,0.00000,-0.09340,
4.85634,Right,1,normal,-0.04559,0.00000,-0.09340,
4.86103,Right,1,normal,-0.04559,0.00000,-0.09340,
4.86537,Right,1,normal,-0.04559,0.00000,-0.09340,
4.86985,Right,1,normal,-0.04559,0.00000,-0.09340,
4.87422,Right,1,normal,-0.04559,0.00000,-0.09340,
4.87918,Right,1,normal,-0.04559,0.00000,-0.09340,
4.88356,Right,1,normal,-0.04559,0.00000,-0.09340,
4.88774,Right,1,normal,-0.04559,0.00000,-0.09340,
4.89206,Right,1,normal,-0.04559,0.00000,-0.09340,
4.89638,Right,1,normal,-0.04559,0.00000,-0.09340,
4.90155,Right,1,normal,-0.04559,0.00000,-0.09340,
4.90592,Right,1,normal,-0.04559,0.00000,-0.09340,
4.91032,Right,1,normal,-0.04559,0.00000,-0.09340,
4.92331,Right,1,normal,-0.04559,0.00000,-0.09340,
4.92833,Right,1,normal,-0.04559,0.00000,-0.09340,
4.93269,Right,1,normal,-0.04559,0.00000,-0.09340,
4.93748,Right,1,normal,-0.04559,0.00000,-0.09340,
4.94196,Right,1,normal,-0.04559,0.00000,-0.09340,
4.94892,Right,1,normal,-0.04559,0.00000,-0.09340,
4.95314,Right,1,normal,-0.04559,0.00000,-0.09340,
4.95990,Right,1,normal,-0.04559,0.00000,-0.09340,
4.96423,Right,1,normal,-0.04559,0.00000,-0.09340,
4.96853,Right,1,normal,-0.04559,0.00000,-0.09340,
4.97286,Right,1,normal,-0.04559,0.00000,-0.09340,
4.97752,Right,1,normal,-0.04559,0.00000,-0.09340,
4.98179,Right,1,normal,-0.04559,0.00000,-0.09340,
4.98607,Right,1,normal,-0.04559,0.00000,-0.09340,
4.99053,Right,1,normal,-0.04559,0.00000,-0.09340,
4.99474,Right,1,normal,-0.04559,0.00000,-0.09340,
4.99957,Right,1,normal,-0.04559,0.00000,-0.09340,
5.00397,Right,1,normal,-0.04559,0.00000,-0.09340,
5.00834,Right,1,normal,-0.04559,0.00000,-0.09340,
5.01571,Right,1,normal,-0.04559,0.00000,-0.09340,
5.02065,Right,1,normal,-0.04559,0.00000,-0.09340,
5.02484,Right,1,normal,-0.04559,0.00000,-0.09340,
5.02925,Right,1,normal,-0.04559,0.00000,-0.09340,
5.03355,Right,1,normal,-0.04559,0.00000,-0.09340,
5.03830,Right,1,normal,-0.04559,0.00000,-0.09340,
5.04257,Right,1,normal,-0.04559,0.00000,-0.09340,
5.04902,Right,1,normal,-0.04559,0.00000,-0.09340,
5.05325,Right,1,normal,-0.04559,0.00000,-0.09340,
5.05794,Right,1,normal,-0.04559,0.00000,-0.09340,
5.06223,Right,1,normal,-0.04559,0.00000,-0.09340,
5.08361,Right,1,normal,-0.04559,0.00000,-0.09340,
5.08921,Right,1,normal,-0.04559,0.00000,-0.09340,
5.09385,Right,1,normal,-0.04559,0.00000,-0.09340,
5.09889,Right,1,normal,-0.04559,0.00000,-0.09340,
5.10346,Right,1,normal,-0.04559,0.00000,-0.09340,
5.10824,Right,1,normal,-0.04559,0.00000,-0.09340,
5.11287,Right,1,normal,-0.04559,0.00000,-0.09340,
5.11787,Right,1,normal,-0.04559,0.00000,-0.09340,
5.12240,Right,1,normal,-0.04559,0.00000,-0.09340,
5.12705,Right,1,normal,-0.04559,0.00000,-0.09340,
5.13159,Right,1,normal,-0.04559,0.00000,-0.09340,
5.13605,Right,1,normal,-0.04559,0.00000,-0.09340,
5.14088,Right,1,normal,-0.04559,0.00000,-0.09340,
5.14537,Right,1,normal,-0.04559,0.00000,-0.09340,
5.14988,Right,1,normal,-0.04559,0.00000,-0.09340,
5.15424,Right,1,normal,-0.04559,0.00000,-0.09340,
5.16090,Right,1,normal,-0.04559,0.00000,-0.09340,
5.16638,Right,2,normal,-0.04559,0.00000,-0.09340,
5.17259,Right,2,normal,-0.04559,0.00000,-0.09340,
5.17848,Right,2,normal,-0.04559,0.00000,-0.09340,
5.18335,Right,2,normal,-0.04559,0.00000,-0.09340,
5.18818,Right,2,normal,-0.04559,0.00000,-0.09340,
5.19340,Right,2,normal,-0.04559,0.00000,-0.09340,
5.19821,Right,2,normal,-0.04559,0.00000,-0.09340,
5.20308,Right,2,normal,-0.04559,0.00000,-0.09340,
5.20786,Right,2,normal,-0.04559,0.00000,-0.09340,
5.21295,Right,2,normal,-0.04559,0.00000,-0.09340,
5.21764,Right,2,normal,-0.04559,0.00000,-0.09340,
5.22246,Right,2,normal,-0.04559,0.00000,-0.09340,
5.22728,Right,2,normal,-0.04559,0.00000,-0.09340,
5.23255,Right,2,normal,-0.04559,0.00000,-0.09340,
5.23779,Right,2,normal,-0.04559,0.00000,-0.09340,
5.24258,Right,2,normal,-0.04559,0.00000,-0.09340,
5.24735,Right,2,normal,-0.04559,0.00000,-0.09340,
5.25561,Right,2,normal,-0.04559,0.00000,-0.09340,
5.26654,Right,2,normal,-0.04559,0.00000,-0.09340,
5.27180,Right,2,normal,-0.04559,0.00000,-0.09340,
5.27683,Right,2,normal,-0.04559,0.00000,-0.09340,
5.28161,Right,2,normal,-0.04559,0.00000,-0.09340,
5.29609,Right,2,normal,-0.04559,0.00000,-0.09340,
5.30226,Right,2,normal,-0.04559,0.00000,-0.09340,
5.30674,Right,2,normal,-0.04559,0.00000,-0.09340,
5.31116,Right,2,normal,-0.04559,0.00000,-0.09340,
5.31612,Right,2,normal,-0.04559,0.00000,-0.09340,
5.32050,Right,2,normal,-0.04559,0.00000,-0.09340,
5.32492,Right,2,normal,-0.04559,0.00000,-0.09340,
5.32938,Right,2,normal,-0.04559,0.00000,-0.09340,
5.33398,Right,2,normal,-0.04559,0.00000,-0.09340,
5.33825,Right,2,normal,-0.04559,0.00000,-0.09340,
5.34257,Right,2,normal,-0.04559,0.00000,-0.09340,
5.34687,Right,2,normal,-0.04559,0.00000,-0.09340,
5.35144,Right,2,normal,-0.04559,0.00000,-0.09340,
5.35577,Right,2,normal,-0.04559,0.00000,-0.09340,
5.36025,Right,2,normal,-0.04559,0.00000,-0.09340,
5.36660,Right,2,normal,-0.04559,0.00000,-0.09340,
5.37101,Right,2,normal,-0.04559,0.00000,-0.09340,
5.37575,Right,2,normal,-0.04559,0.00000,-0.09340,
5.38007,Right,2,normal,-0.04559,0.00000,-0.09340,
5.38449,Right,2,normal,-0.04559,0.00000,-0.09340,
5.38871,Right,2,normal,-0.04559,0.00000,-0.09340,
5.39357,Right,2,normal,-0.04559,0.00000,-0.09340,
5.39793,Right,2,normal,-0.04559,0.00000,-0.09340,
5.40237,Right,2,normal,-0.04559,0.00000,-0.09340,
5.40678,Right,2,normal,-0.04559,0.00000,-0.09340,
5.41119,Right,2,normal,-0.04559,0.00000,-0.09340,
5.41596,Right,2,normal,-0.04559,0.00000,-0.09340,
5.42026,Right,2,normal,-0.04559,0.00000,-0.09340,
5.42461,Right,2,normal,-0.04559,0.00000,-0.09340,
5.42894,Right,2,normal,-0.04559,0.00000,-0.09340,
5.43364,Right,2,normal,-0.04559,0.00000,-0.09340,
5.44679,Right,2,normal,-0.04559,0.00000,-0.09340,
5.45157,Right,2,normal,-0.04559,0.00000,-0.09340,
5.45663,Right,2,normal,-0.04559,0.00000,-0.09340,
5.46118,Right,2,normal,-0.04559,0.00000,-0.09340,
5.46559,Right,2,normal,-0.04559,0.00000,-0.09340,
5.46995,Right,2,normal,-0.04559,0.00000,-0.09340,
5.47490,Right,2,normal,-0.04559,0.00000,-0.09340,
5.47948,Right,2,normal,-0.04559,0.00000,-0.09340,
5.48405,Right,2,normal,-0.04559,0.00000,-0.09340,
5.48871,Right,2,normal,-0.04559,0.00000,-0.09340,
5.49367,Right,2,normal,-0.04559,0.00000,-0.09340,
5.49820,Right,2,normal,-0.04559,0.00000,-0.09340,
5.50278,Right,2,normal,-0.04559,0.00000,-0.09340,
5.50744,Right,2,normal,-0.04559,0.00000,-0.09340,
5.51237,Right,2,normal,-0.04559,0.00000,-0.09340,
5.51689,Right,2,normal,-0.04559,0.00000,-0.09340,
5.52122,Right,2,normal,-0.04559,0.00000,-0.09340,
5.52566,Right,2,normal,-0.04559,0.00000,-0.09340,
5.52988,Right,2,normal,-0.04559,0.00000,-0.09340,
5.53466,Right,2,normal,-0.04559,0.00000,-0.09340,
5.54610,Right,2,normal,-0.04559,0.00000,-0.09340,
5.55035,Right,2,normal,-0.04559,0.00000,-0.09340,
5.55549,Right,2,normal,-0.04559,0.00000,-0.09340,
5.55989,Right,2,normal,-0.04559,0.00000,-0.09340,
5.56426,Right,2,normal,-0.04559,0.00000,-0.09340,
5.57079,Right,2,normal,-0.04559,0.00000,-0.09340,
5.57556,Right,2,normal,-0.04559,0.00000,-0.09340,
5.57986,Right,2,normal,-0.04559,0.00000,-0.09340,
5.58418,Right,2,normal,-0.04559,0.00000,-0.09340,
5.59739,Right,2,normal,-0.04559,0.00000,-0.09340,
5.60276,Right,2,normal,-0.04559,0.00000,-0.09340,
5.60708,Right,2,normal,-0.04559,0.00000,-0.09340,
5.62053,Right,2,normal,-0.04559,0.00000,-0.09340,
5.62555,Right,2,normal,-0.04559,0.00000,-0.09340,
5.62997,Right,2,normal,-0.04559,0.00000,-0.09340,
5.63476,Right,2,normal,-0.04559,0.00000,-0.09340,
5.63918,Right,2,normal,-0.04559,0.00000,-0.09340,
5.64356,Right,2,normal,-0.04559,0.00000,-0.09340,
5.64779,Right,2,normal,-0.04559,0.00000,-0.09340,
5.65271,Right,2,normal,-0.04559,0.00000,-0.09340,
5.65716,Right,2,normal,-0.04559,0.00000,-0.09340,
5.66156,Right,2,normal,-0.04559,0.00000,-0.09340,
5.66589,Right,2,normal,-0.04559,0.00000,-0.09340,
5.67028,Right,2,normal,-0.04559,0.00000,-0.09340,
5.67501,Right,2,normal,-0.04559,0.00000,-0.09340,
5.67940,Right,2,normal,-0.04559,0.00000,-0.09340,
5.68378,Right,2,normal,-0.04559,0.00000,-0.09340,
5.68826,Right,2,normal,-0.04559,0.00000,-0.09340,
5.69309,Right,2,normal,-0.04559,0.00000,-0.09340,
5.69746,Right,2,normal,-0.04559,0.00000,-0.09340,
5.70198,Right,2,normal,-0.04559,0.00000,-0.09340,
5.70648,Right,2,normal,-0.04559,0.00000,-0.09340,
5.71098,Right,2,normal,-0.04559,0.00000,-0.09340,
5.71574,Right,2,normal,-0.04559,0.00000,-0.09340,
5.72009,Right,2,normal,-0.04559,0.00000,-0.09340,
5.72451,Right,2,normal,-0.04559,0.00000,-0.09340,
5.72893,Right,2,normal,-0.04559,0.00000,-0.09340,
5.73369,Right,2,normal,-0.04559,0.00000,-0.09340,
5.73823,Right,2,normal,-0.04559,0.00000,-0.09340,
5.75111,Right,2,normal,-0.04559,0.00000,-0.09340,
5.75598,Right,2,normal,-0.04559,0.00000,-0.09340,
5.76027,Right,2,normal,-0.04559,0.00000,-0.09340,
5.76472,Right,2,normal,-0.04559,0.00000,-0.09340,
5.77099,Right,2,normal,-0.04559,0.00000,-0.09340,
5.77558,Right,2,normal,-0.04559,0.00000,-0.09340,
5.78266,Right,2,normal,-0.04559,0.00000,-0.09340,
5.78708,Right,2,normal,-0.04559,0.00000,-0.09340,
5.79179,Right,2,normal,-0.04559,0.00000,-0.09340,
5.79609,Right,2,normal,-0.04559,0.00000,-0.09340,
5.80050,Right,2,normal,-0.04559,0.00000,-0.09340,
5.80491,Right,2,normal,-0.04559,0.00000,-0.09340,
5.80907,Right,2,normal,-0.04559,0.00000,-0.09340,
5.81601,Right,2,normal,-0.04559,0.00000,-0.09340,
5.82025,Right,2,normal,-0.04559,0.00000,-0.09340,
5.82491,Right,2,normal,-0.04559,0.00000,-0.09340,
5.82938,Right,2,normal,-0.04559,0.00000,-0.09340,
5.83405,Right,2,normal,-0.04559,0.00000,-0.09340,
5.83837,Right,2,normal,-0.04559,0.00000,-0.09340,
5.84259,Right,2,normal,-0.04559,0.00000,-0.09340,
5.84919,Right,2,normal,-0.04559,0.00000,-0.09340,
5.85400,Right,2,normal,-0.04559,0.00000,-0.09340,
5.85836,Right,2,normal,-0.04559,0.00000,-0.09340,
5.86276,Right,2,normal,-0.04559,0.00000,-0.09340,
5.86718,Right,2,normal,-0.04559,0.00000,-0.09340,
5.87187,Right,2,normal,-0.04559,0.00000,-0.09340,
5.87606,Right,2,normal,-0.04559,0.00000,-0.09340,
5.88236,Right,2,normal,-0.04559,0.00000,-0.09340,
5.88676,Right,2,normal,-0.04559,0.00000,-0.09340,
5.89125,Right,2,normal,-0.04559,0.00000,-0.09340,
5.90482,Right,2,normal,-0.04559,0.00000,-0.09340,
5.90918,Right,2,normal,-0.04559,0.00000,-0.09340,
5.91389,Right,2,normal,-0.04559,0.00000,-0.09340,
5.91828,Right,2,normal,-0.04559,0.00000,-0.09340,
5.92281,Right,2,normal,-0.04559,0.00000,-0.09340,
5.92728,Right,2,normal,-0.04559,0.00000,-0.09340,
5.93219,Right,2,normal,-0.04559,0.00000,-0.09340,
5.93646,Right,2,normal,-0.04559,0.00000,-0.09340,
5.94067,Right,2,normal,-0.04559,0.00000,-0.09340,
5.94498,Right,2,normal,-0.04559,0.00000,-0.09340,
5.94937,Right,2,normal,-0.04559,0.00000,-0.09340,
5.95410,Right,2,normal,-0.04559,0.00000,-0.09340,
5.96685,Right,2,normal,-0.04559,0.00000,-0.09340,
5.97171,Right,2,normal,-0.04559,0.00000,-0.09340,
5.97866,Right,2,normal,-0.04559,0.00000,-0.09340,
5.98312,Right,2,normal,-0.04559,0.00000,-0.09340,
5.98759,Right,2,normal,-0.04559,0.00000,-0.09340,
5.99226,Right,2,normal,-0.04559,0.00000,-0.09340,
5.99664,Right,2,normal,-0.04559,0.00000,-0.09340,
6.00106,Right,2,normal,-0.04559,0.00000,-0.09340,
6.00528,Right,2,normal,-0.04559,0.00000,-0.09340,
6.00938,Right,2,normal,-0.04559,0.00000,-0.09340,
6.01416,Right,2,normal,-0.04559,0.00000,-0.09340,
6.01845,Right,2,normal,-0.04559,0.00000,-0.09340,
6.02282,Right,2,normal,-0.04559,0.00000,-0.09340,
6.02705,Right,2,normal,-0.04559,0.00000,-0.09340,
6.03165,Right,2,normal,-0.04559,0.00000,-0.09340,
6.03620,Right,2,normal,-0.04559,0.00000,-0.09340,
6.04055,Right,2,normal,-0.04559,0.00000,-0.09340,
6.04496,Right,2,normal,-0.04559,0.00000,-0.09340,
6.05793,Right,2,normal,-0.04559,0.00000,-0.09340,
6.06297,Right,2,normal,-0.05030,0.00000,-0.09340,
6.06768,Right,2,normal,-0.05571,0.00000,-0.09340,
6.07309,Right,2,normal,-0.06300,0.00000,-0.09340,
6.08038,Right,2,normal,-0.07806,0.00000,-0.10846,
6.09544,Right,2,normal,-0.07806,0.00000,-0.12411,
6.11108,Right,2,normal,-0.07806,0.00000,-0.14053,
6.12750,Right,2,normal,-0.07806,0.00000,-0.15602,
6.14300,Right,2,normal,-0.07806,0.00000,-0.17172,
6.15870,Right,2,normal,-0.07806,0.00000,-0.18775,
6.17472,Right,2,normal,-0.07806,0.00000,-0.18775,
6.19420,Right,2,normal,-0.07806,0.00000,-0.18775,
6.20731,Right,2,normal,-0.07806,0.00000,-0.18775,
6.22115,Right,2,normal,-0.07806,0.00000,-0.18775,
6.23330,Right,2,normal,-0.08354,0.00000,-0.18775,
6.23878,Right,2,normal,-0.08875,0.00000,-0.18775,
6.24399,Right,2,normal,-0.09395,0.00000,-0.18775,
6.24920,Right,2,normal,-0.10979,0.00000,-0.18775,
6.26503,Right,2,normal,-0.12490,0.00000,-0.18775,
6.28014,Right,2,normal,-0.14131,0.00000,-0.18775,
6.29656,Right,2,normal,-0.15756,0.00000,-0.18775,
6.31281,Right,2,normal,-0.15756,0.00000,-0.21086,
6.33592,Right,2,normal,-0.15756,0.00000,-0.23635,
6.36141,Right,2,normal,-0.15756,0.00000,-0.23635,
6.37906,Right,2,normal,-0.15756,0.00000,-0.23635,
6.39453,Right,2,normal,-0.15756,0.00000,-0.23635,
6.39988,Right,2,normal,-0.15756,0.00000,-0.23635,
6.40496,Right,2,normal,-0.15756,0.00000,-0.23635,
6.40947,Right,2,normal,-0.15756,0.00000,-0.23635,
6.41425,Right,2,normal,-0.15756,0.00000,-0.23635,
6.41871,Right,2,normal,-0.15756,0.00000,-0.23635,
6.42328,Right,2,normal,-0.15756,0.00000,-0.23635,
6.42777,Right,2,normal,-0.15756,0.00000,-0.23635,
6.43262,Right,2,normal,-0.15756,0.00000,-0.23635,
6.43707,Right,2,normal,-0.15756,0.00000,-0.23635,
6.44146,Right,2,normal,-0.15756,0.00000,-0.23635,
6.44570,Right,2,normal,-0.15756,0.00000,-0.23635,
6.45008,Right,2,normal,-0.15756,0.00000,-0.23635,
6.45516,Right,2,normal,-0.15756,0.00000,-0.23635,
6.45968,Right,2,normal,-0.15756,0.00000,-0.23635,
6.46406,Right,2,normal,-0.15756,0.00000,-0.23635,
6.46827,Right,2,normal,-0.16274,0.00000,-0.23635,
6.47344,Right,2,normal,-0.16745,0.00000,-0.23635,
6.47815,Right,2,normal,-0.17217,0.00000,-0.23635,
6.48288,Right,2,normal,-0.17689,0.00000,-0.23635,
6.48759,Right,2,normal,-0.19285,0.00000,-0.23635,
6.50356,Right,2,normal,-0.20799,0.00000,-0.23635,
6.51869,Right,2,normal,-0.22514,0.00000,-0.25350,
6.53584,Right,2,normal,-0.22514,0.00000,-0.26971,
6.55205,Right,2,normal,-0.22514,0.00000,-0.28534,
6.56768,Right,2,normal,-0.22514,0.00000,-0.30161,
6.58395,Right,2,normal,-0.22514,0.00000,-0.31943,
6.60177,Right,2,normal,-0.22514,0.00000,-0.31943,
6.61853,Right,2,normal,-0.22514,0.00000,-0.31943,
6.63165,Right,2,normal,-0.22514,0.00000,-0.31943,
6.64572,Right,2,normal,-0.22514,0.00000,-0.31943,
6.65829,Right,2,normal,-0.22514,0.00000,-0.31943,
6.66388,Right,2,normal,-0.22514,0.00000,-0.31943,
6.66826,Right,2,normal,-0.22514,0.00000,-0.31943,
6.67931,Right,2,normal,-0.22514,0.00000,-0.31943,
6.69883,Right,2,normal,-0.22514,0.00000,-0.31943,
6.70448,Right,2,normal,-0.22514,0.00000,-0.31943,
6.70909,Right,2,normal,-0.22514,0.00000,-0.31943,
6.71404,Right,2,normal,-0.22514,0.00000,-0.31943,
6.71848,Right,2,normal,-0.22514,0.00000,-0.31943,
6.72292,Right,2,normal,-0.22514,0.00000,-0.31943,
6.72726,Right,2,normal,-0.22514,0.00000,-0.31943,
6.73191,Right,2,normal,-0.22514,0.00000,-0.31943,
6.73629,Right,2,normal,-0.22514,0.00000,-0.31943,
6.74058,Right,2,normal,-0.22514,0.00000,-0.31943,
6.74485,Right,2,normal,-0.22514,0.00000,-0.31943,
6.74912,Right,2,normal,-0.22514,0.00000,-0.31943,
6.75395,Right,2,normal,-0.22514,0.00000,-0.31943,
6.75838,Right,2,normal,-0.22514,0.00000,-0.31943,
6.76279,Right,2,normal,-0.22514,0.00000,-0.31943,
6.76726,Right,2,normal,-0.22514,0.00000,-0.31943,
6.77204,Right,2,normal,-0.22514,0.00000,-0.31943,
6.77652,Right,2,normal,-0.22514,0.00000,-0.31943,
6.78079,Right,2,normal,-0.22514,0.00000,-0.31943,
6.78519,Right,2,normal,-0.22514,0.00000,-0.31943,
6.79137,Right,2,normal,-0.22514,0.00000,-0.31943,
6.79607,Right,2,normal,-0.22514,0.00000,-0.31943,
6.80048,Right,2,normal,-0.22514,0.00000,-0.31943,
6.80480,Right,2,normal,-0.22514,0.00000,-0.31943,
6.80906,Right,2,normal,-0.22514,0.00000,-0.31943,
6.81382,Right,2,normal,-0.22514,0.00000,-0.31943,
6.81808,Right,2,normal,-0.22514,0.00000,-0.31943,
6.82239,Right,2,normal,-0.22514,0.00000,-0.31943,
6.82686,Right,2,normal,-0.22514,0.00000,-0.31943,
6.84006,Right,2,normal,-0.22514,0.00000,-0.31943,
6.84447,Right,2,normal,-0.22514,0.00000,-0.31943,
6.84905,Right,2,normal,-0.22514,0.00000,-0.31943,
6.85396,Right,2,normal,-0.22514,0.00000,-0.31943,
6.85836,Right,2,normal,-0.22514,0.00000,-0.31943,
6.86551,Right,2,normal,-0.22514,0.00000,-0.31943,
6.87007,Right,2,normal,-0.22514,0.00000,-0.31943,
6.87489,Right,2,normal,-0.22514,0.00000,-0.31943,
6.87939,Right,2,normal,-0.22514,0.00000,-0.31943,
6.88376,Right,2,normal,-0.22514,0.00000,-0.31943,
6.88815,Right,2,normal,-0.22514,0.00000,-0.31943,
6.89299,Right,2,normal,-0.22514,0.00000,-0.31943,
6.89866,Right,2,normal,-0.22514,0.00000,-0.31943,
6.90275,Right,2,normal,-0.22514,0.00000,-0.31943,
6.90683,Right,2,normal,-0.22514,0.00000,-0.31943,
6.91118,Right,2,normal,-0.22514,0.00000,-0.31943,
6.91592,Right,2,normal,-0.22514,0.00000,-0.31943,
6.92028,Right,2,normal,-0.22514,0.00000,-0.31943,
6.92471,Right,2,normal,-0.22514,0.00000,-0.31943,
6.92925,Right,2,normal,-0.22514,0.00000,-0.31943,
6.93398,Right,2,normal,-0.22514,0.00000,-0.31943,
6.93833,Right,2,normal,-0.22997,0.00000,-0.31943,
6.94316,Right,2,normal,-0.23489,0.00000,-0.31943,
6.94809,Right,2,normal,-0.24028,0.00000,-0.31943,
6.95347,Right,2,normal,-0.24519,0.00000,-0.31943,
6.95838,Right,2,normal,-0.26313,0.00000,-0.31943,
6.97633,Right,2,normal,-0.27932,0.00000,-0.31943,
6.99251,Right,2,normal,-0.29884,0.00000,-0.31943,
7.01203,Right,2,normal,-0.31667,0.00000,-0.31943,
7.02986,Right,2,normal,-0.33889,0.00000,-0.31943,
7.05208,Right,2,normal,-0.36242,0.00000,-0.31943,
7.07561,Right,2,normal,-0.36242,0.00000,-0.34482,
7.10101,Right,2,normal,-0.36242,0.00000,-0.36281,
7.11899,Right,2,normal,-0.36242,0.00000,-0.36281,
7.13584,Right,2,normal,-0.36242,0.00000,-0.36281,
7.15020,Right,2,normal,-0.36242,0.00000,-0.36281,
7.16340,Right,2,normal,-0.36242,0.00000,-0.36281,
7.16786,Right,2,normal,-0.36242,0.00000,-0.36281,
7.17298,Right,2,normal,-0.36242,0.00000,-0.36281,
7.17749,Right,2,normal,-0.36242,0.00000,-0.36281,
7.18205,Right,2,normal,-0.36242,0.00000,-0.36281,
7.18638,Right,2,normal,-0.36242,0.00000,-0.36281,
7.19074,Right,2,normal,-0.36242,0.00000,-0.36281,
7.19564,Right,2,normal,-0.36242,0.00000,-0.36281,
7.20219,Right,2,normal,-0.36242,0.00000,-0.36281,
7.20651,Right,2,normal,-0.36242,0.00000,-0.36281,
7.21098,Right,2,normal,-0.36242,0.00000,-0.36281,
7.21618,Right,2,normal,-0.36242,0.00000,-0.36281,
7.22044,Right,2,normal,-0.36242,0.00000,-0.36281,
7.22469,Right,2,normal,-0.36242,0.00000,-0.36281,
7.22901,Right,2,normal,-0.36242,0.00000,-0.36281,
7.23385,Right,2,normal,-0.36242,0.00000,-0.36281,
7.23816,Right,2,normal,-0.36242,0.00000,-0.36281,
7.24250,Right,2,normal,-0.36242,0.00000,-0.36281,
7.24695,Right,2,normal,-0.36242,0.00000,-0.36281,
7.25166,Right,2,normal,-0.36242,0.00000,-0.36281,
7.25718,Right,2,normal,-0.36242,0.00000,-0.36281,
7.26147,Right,2,normal,-0.36242,0.00000,-0.36281,
7.26588,Right,2,normal,-0.36242,0.00000,-0.36281,
7.27028,Right,2,normal,-0.36242,0.00000,-0.36281,
7.27517,Right,2,normal,-0.36242,0.00000,-0.36281,
7.27971,Right,2,normal,-0.36242,0.00000,-0.36281,
7.28430,Right,2,normal,-0.36242,0.00000,-0.36281,
7.29053,Right,2,normal,-0.36242,0.00000,-0.36281,
7.29539,Right,2,normal,-0.36242,0.00000,-0.36281,
7.29964,Right,2,normal,-0.36242,0.00000,-0.36281,
7.31288,Right,2,normal,-0.36242,0.00000,-0.36281,
7.32724,Right,2,normal,-0.36242,0.00000,-0.36281,
7.33238,Right,2,normal,-0.36242,0.00000,-0.36281,
7.33686,Right,2,normal,-0.36242,0.00000,-0.36281,
7.34121,Right,2,normal,-0.36242,0.00000,-0.36281,
7.34563,Right,2,normal,-0.36242,0.00000,-0.36281,
7.35006,Right,2,normal,-0.36242,0.00000,-0.36281,
7.35802,Right,2,normal,-0.36242,0.00000,-0.36281,
7.36317,Right,2,normal,-0.36242,0.00000,-0.36281,
7.36841,Right,2,normal,-0.36242,0.00000,-0.36281,
7.37386,Right,2,normal,-0.36242,0.00000,-0.36281,
7.37858,Right,2,normal,-0.36242,0.00000,-0.36281,
7.38309,Right,2,normal,-0.36242,0.00000,-0.36281,
7.38776,Right,2,normal,-0.36242,0.00000,-0.36281,
7.39303,Right,2,normal,-0.36242,0.00000,-0.36281,
7.39788,Right,2,normal,-0.36242,0.00000,-0.36281,
7.40521,Right,2,normal,-0.36242,0.00000,-0.36281,
7.40988,Right,2,normal,-0.36242,0.00000,-0.36281,
7.41479,Right,2,normal,-0.36242,0.00000,-0.36281,
7.41929,Right,2,normal,-0.36242,0.00000,-0.36281,
7.42386,Right,2,normal,-0.36242,0.00000,-0.36281,
7.42807,Right,2,normal,-0.36242,0.00000,-0.36281,
7.43270,Right,2,normal,-0.36242,0.00000,-0.36281,
7.43696,Right,2,normal,-0.36242,0.00000,-0.36281,
7.44117,Right,2,normal,-0.36242,0.00000,-0.36281,
7.44528,Right,2,normal,-0.36242,0.00000,-0.36281,
7.44940,Right,2,normal,-0.36242,0.00000,-0.36281,
7.45416,Right,2,normal,-0.36242,0.00000,-0.36281,
7.45953,Right,2,normal,-0.36242,0.00000,-0.36281,
7.47328,Right,2,normal,-0.36242,0.00000,-0.36281,
7.47880,Right,2,normal,-0.36242,0.00000,-0.36281,
7.48328,Right,2,normal,-0.36242,0.00000,-0.36281,
7.48769,Right,2,normal,-0.36242,0.00000,-0.36281,
7.49258,Right,2,normal,-0.36242,0.00000,-0.36281,
7.49699,Right,2,normal,-0.36242,0.00000,-0.36281,
7.50147,Right,2,normal,-0.36242,0.00000,-0.36281,
7.50593,Right,2,normal,-0.36242,0.00000,-0.36281,
7.51028,Right,2,normal,-0.36242,0.00000,-0.36281,
7.51529,Right,2,normal,-0.36242,0.00000,-0.36281,
7.51988,Right,2,normal,-0.36242,0.00000,-0.36281,
7.52428,Right,2,normal,-0.36242,0.00000,-0.36281,
7.52877,Right,2,normal,-0.36242,0.00000,-0.36281,
7.53372,Right,2,normal,-0.36242,0.00000,-0.36281,
7.53798,Right,2,normal,-0.36242,0.00000,-0.36281,
7.54225,Right,2,normal,-0.36242,0.00000,-0.36281,
7.54656,Right,2,normal,-0.36242,0.00000,-0.36281,
7.55102,Right,2,normal,-0.36242,0.00000,-0.36281,
7.55609,Right,2,normal,-0.36242,0.00000,-0.36281,
7.56910,Right,2,normal,-0.36242,0.00000,-0.36281,
7.57481,Right,2,normal,-0.36242,0.00000,-0.36281,
7.57937,Right,2,normal,-0.36242,0.00000,-0.36281,
7.58375,Right,2,normal,-0.36242,0.00000,-0.36281,
7.58844,Right,2,normal,-0.36242,0.00000,-0.36281,
7.59358,Right,2,normal,-0.36242,0.00000,-0.36281,
7.59808,Right,2,normal,-0.36242,0.00000,-0.36281,
7.60522,Right,2,normal,-0.36242,0.00000,-0.36281,
7.60998,Right,2,normal,-0.36242,0.00000,-0.36281,
7.62383,Right,2,normal,-0.36242,0.00000,-0.36281,
7.62848,Right,2,normal,-0.36242,0.00000,-0.36281,
7.63316,Right,2,normal,-0.36242,0.00000,-0.36281,
7.63739,Right,2,normal,-0.36242,0.00000,-0.36281,
7.64185,Right,2,normal,-0.36242,0.00000,-0.36281,
7.64665,Right,2,normal,-0.36242,0.00000,-0.36281,
7.65222,Right,2,normal,-0.36242,0.00000,-0.36281,
7.65748,Right,2,normal,-0.36242,0.00000,-0.36281,
7.66206,Right,2,normal,-0.36242,0.00000,-0.36281,
7.66652,Right,2,normal,-0.36242,0.00000,-0.36281,
7.67098,Right,2,normal,-0.36242,0.00000,-0.36281,
7.67587,Right,2,normal,-0.36242,0.00000,-0.36281,
7.68014,Right,2,normal,-0.36242,0.00000,-0.36281,
7.68447,Right,2,normal,-0.36242,0.00000,-0.36281,
7.68887,Right,2,normal,-0.36242,0.00000,-0.36281,
7.69369,Right,2,normal,-0.36242,0.00000,-0.36281,
7.69791,Right,2,normal,-0.36242,0.00000,-0.36281,
7.70215,Right,2,normal,-0.36242,0.00000,-0.36281,
7.70646,Right,2,normal,-0.36242,0.00000,-0.36281,
7.71077,Right,2,normal,-0.36242,0.00000,-0.36281,
7.71592,Right,2,normal,-0.36242,0.00000,-0.36281,
7.72017,Right,2,normal,-0.36242,0.00000,-0.36281,
7.72433,Right,2,normal,-0.36242,0.00000,-0.36281,
7.72865,Right,2,normal,-0.36242,0.00000,-0.36281,
7.73336,Right,2,normal,-0.36242,0.00000,-0.36281,
7.73771,Right,2,normal,-0.36242,0.00000,-0.36281,
7.74207,Right,2,normal,-0.36242,0.00000,-0.36281,
7.74627,Right,2,normal,-0.36242,0.00000,-0.36281,
7.75046,Right,2,normal,-0.36242,0.00000,-0.36281,
7.75530,Right,2,normal,-0.36242,0.00000,-0.36281,
7.75958,Right,2,normal,-0.36242,0.00000,-0.36281,
7.76389,Right,2,normal,-0.36242,0.00000,-0.36281,
7.77699,Right,2,normal,-0.36242,0.00000,-0.36281,
7.78199,Right,2,normal,-0.36242,0.00000,-0.36281,
7.78615,Right,2,normal,-0.36242,0.00000,-0.36281,
7.79029,Right,2,normal,-0.36242,0.00000,-0.36281,
7.79517,Right,2,normal,-0.36242,0.00000,-0.36281,
7.79951,Right,2,normal,-0.36242,0.00000,-0.36281,
7.80579,Right,2,normal,-0.36242,0.00000,-0.36281,
7.81018,Right,2,normal,-0.36242,0.00000,-0.36281,
7.81486,Right,2,normal,-0.36242,0.00000,-0.36281,
7.82673,Right,2,normal,-0.36242,0.00000,-0.36281,
7.83141,Right,2,normal,-0.36242,0.00000,-0.36281,
7.83606,Right,2,normal,-0.36242,0.00000,-0.36281,
7.84025,Right,2,normal,-0.36242,0.00000,-0.36281,
7.84457,Right,2,normal,-0.36242,0.00000,-0.36281,
7.84888,Right,2,normal,-0.36242,0.00000,-0.36281,
7.85357,Right,2,normal,-0.36242,0.00000,-0.36281,
7.85791,Right,2,normal,-0.36242,0.00000,-0.36281,
7.86250,Right,2,normal,-0.36242,0.00000,-0.36281,
7.86698,Right,2,normal,-0.36242,0.00000,-0.36281,
7.87202,Right,2,normal,-0.36242,0.00000,-0.36281,
7.87648,Right,2,normal,-0.36242,0.00000,-0.36281,
7.88089,Right,2,normal,-0.36242,0.00000,-0.36281,
7.88550,Right,2,normal,-0.36242,0.00000,-0.36281,
7.89006,Right,2,normal,-0.36242,0.00000,-0.36281,
7.89497,Right,2,normal,-0.36242,0.00000,-0.36281,
7.89950,Right,2,normal,-0.36242,0.00000,-0.36281,
7.90397,Right,2,normal,-0.36242,0.00000,-0.36281,
7.90847,Right,2,normal,-0.36242,0.00000,-0.36281,
7.91343,Right,2,normal,-0.36242,0.00000,-0.36281,
7.91788,Right,2,normal,-0.36242,0.00000,-0.36281,
7.93078,Right,2,normal,-0.36242,0.00000,-0.36281,
7.93618,Right,2,normal,-0.36242,0.00000,-0.36281,
7.94040,Right,2,normal,-0.36242,0.00000,-0.36281,
7.94479,Right,2,normal,-0.36242,0.00000,-0.36281,
7.94916,Right,2,normal,-0.36242,0.00000,-0.36281,
7.95397,Right,2,normal,-0.36242,0.00000,-0.36281,
7.95827,Right,2,normal,-0.36242,0.00000,-0.35789,
7.96319,Right,2,normal,-0.36242,0.00000,-0.35322,
7.96786,Right,2,normal,-0.36242,0.00000,-0.34674,
7.97435,Right,2,normal,-0.36242,0.00000,-0.34212,
7.97896,Right,2,normal,-0.36242,0.00000,-0.32658,
7.99450,Right,2,normal,-0.36242,0.00000,-0.31089,
8.01020,Right,2,normal,-0.36242,0.00000,-0.29195,
8.02913,Right,2,normal,-0.36242,0.00000,-0.27586,
8.04522,Right,2,normal,-0.36242,0.00000,-0.25962,
8.06146,Right,2,normal,-0.36242,0.00000,-0.24396,
8.07712,Right,2,normal,-0.33868,0.00000,-0.22022,
8.10086,Right,2,normal,-0.31636,0.00000,-0.19790,
8.12318,Right,2,normal,-0.30070,0.00000,-0.18224,
8.13884,Right,2,normal,-0.28337,0.00000,-0.18224,
8.15617,Right,2,normal,-0.26758,0.00000,-0.18224,
8.17196,Right,2,normal,-0.25089,0.00000,-0.18224,
8.18866,Right,2,normal,-0.23432,0.00000,-0.18224,
8.20522,Right,2,normal,-0.23432,0.00000,-0.18224,
8.22168,Right,2,normal,-0.23432,0.00000,-0.18224,
8.23780,Right,2,normal,-0.23432,0.00000,-0.18224,
8.25231,Right,2,normal,-0.23432,0.00000,-0.18224,
8.26520,Right,2,normal,-0.23432,0.00000,-0.18224,
8.26976,Right,2,normal,-0.23432,0.00000,-0.18224,
8.27465,Right,2,normal,-0.23432,0.00000,-0.18224,
8.27894,Right,2,normal,-0.23432,0.00000,-0.18224,
8.28328,Right,2,normal,-0.23432,0.00000,-0.18224,
8.28772,Right,2,normal,-0.23432,0.00000,-0.18224,
8.29249,Right,2,normal,-0.23432,0.00000,-0.17744,
8.29730,Right,2,normal,-0.23432,0.00000,-0.17266,
8.30207,Right,2,normal,-0.23432,0.00000,-0.16796,
8.30678,Right,2,normal,-0.23432,0.00000,-0.16327,
8.31147,Right,2,normal,-0.23432,0.00000,-0.14754,
8.32720,Right,2,normal,-0.23432,0.00000,-0.13171,
8.34302,Right,2,normal,-0.23432,0.00000,-0.10898,
8.36575,Right,2,normal,-0.23432,0.00000,-0.08389,
8.39085,Right,2,normal,-0.23432,0.00000,-0.06553,
8.40921,Right,2,normal,-0.23432,0.00000,-0.06553,
8.42540,Right,2,normal,-0.21916,0.00000,-0.06553,
8.44056,Right,2,normal,-0.20233,0.00000,-0.06553,
8.45739,Right,2,normal,-0.18661,0.00000,-0.06553,
8.47311,Right,2,normal,-0.16974,0.00000,-0.06553,
8.48998,Right,2,normal,-0.15341,0.00000,-0.06553,
8.50631,Right,2,normal,-0.13708,0.00000,-0.06553,
8.52264,Right,2,normal,-0.12094,0.00000,-0.06553,
8.53878,Right,2,normal,-0.10372,0.00000,-0.06553,
8.55600,Right,2,normal,-0.10372,0.00000,-0.06553,
8.57284,Right,2,normal,-0.10372,0.00000,-0.05137,
8.58699,Right,2,normal,-0.10372,0.00000,-0.03518,
8.60318,Right,2,normal,-0.10372,0.00000,-0.01353,
8.62484,Right,2,normal,-0.10372,0.00000,-0.01353,
8.65269,Right,2,normal,-0.10372,0.00000,-0.01353,
8.66948,Right,2,normal,-0.10372,0.00000,-0.01353,
8.68343,Right,2,normal,-0.10372,0.00000,-0.01353,
8.69621,Right,2,normal,-0.10372,0.00000,-0.01353,
8.70181,Right,2,normal,-0.10372,0.00000,-0.01353,
8.70660,Right,2,normal,-0.10372,0.00000,-0.01353,
8.71892,Right,2,normal,-0.10372,0.00000,-0.01353,
8.72388,Right,2,normal,-0.10372,0.00000,-0.01353,
8.72828,Right,2,normal,-0.10372,0.00000,-0.01353,
8.73307,Right,2,normal,-0.10372,0.00000,-0.01353,
8.73747,Right,2,normal,-0.10372,0.00000,-0.01353,
8.74186,Right,2,normal,-0.10372,0.00000,-0.01353,
8.74617,Right,2,normal,-0.10372,0.00000,-0.01353,
8.75046,Right,2,normal,-0.10372,0.00000,-0.01353,
8.75526,Right,2,normal,-0.10372,0.00000,-0.01353,
8.75959,Right,2,normal,-0.10372,0.00000,-0.01353,
8.76394,Right,2,normal,-0.10372,0.00000,-0.01353,
8.76817,Right,2,normal,-0.10372,0.00000,-0.01353,
8.77280,Right,2,normal,-0.10372,0.00000,-0.01353,
8.77715,Right,2,normal,-0.10372,0.00000,-0.01353,
8.78136,Right,2,normal,-0.10372,0.00000,-0.01353,
8.78569,Right,2,normal,-0.10372,0.00000,-0.01353,
8.78992,Right,2,normal,-0.10372,0.00000,-0.01353,
8.79467,Right,2,normal,-0.10372,0.00000,-0.01353,
8.79920,Right,2,normal,-0.10372,0.00000,-0.01353,
8.80336,Right,2,normal,-0.10372,0.00000,-0.01353,
8.80758,Right,2,normal,-0.10372,0.00000,-0.01353,
8.81232,Right,2,normal,-0.10372,0.00000,-0.01353,
8.81656,Right,2,normal,-0.10372,0.00000,-0.01353,
8.82167,Right,2,normal,-0.10372,0.00000,-0.01353,
8.82600,Right,2,normal,-0.10372,0.00000,-0.01353,
8.83026,Right,2,normal,-0.10372,0.00000,-0.01353,
8.83485,Right,2,normal,-0.10372,0.00000,-0.01353,
8.83907,Right,2,normal,-0.10372,0.00000,-0.01353,
8.84337,Right,2,normal,-0.10372,0.00000,-0.01353,
8.84762,Right,2,normal,-0.10372,0.00000,-0.01353,
8.85240,Right,2,normal,-0.10372,0.00000,-0.01353,
8.85674,Right,2,normal,-0.10372,0.00000,-0.01353,
8.87131,Right,2,normal,-0.10372,0.00000,-0.00809,
8.87675,Right,2,normal,-0.10372,0.00000,-0.00341,
8.88144,Right,2,normal,-0.10372,0.00000,0.00264,
8.88749,Right,2,normal,-0.10372,0.00000,0.02482,
8.90966,Right,2,normal,-0.10372,0.00000,0.04656,
8.93141,Right,2,normal,-0.10372,0.00000,0.06388,
8.94873,Right,2,normal,-0.10372,0.00000,0.08028,
8.96512,Right,2,normal,-0.10372,0.00000,0.09647,
8.98131,Right,2,normal,-0.10372,0.00000,0.11228,
8.99713,Right,2,normal,-0.10372,0.00000,0.11228,
9.01423,Right,2,normal,-0.10372,0.00000,0.11228,
9.02762,Right,2,normal,-0.10372,0.00000,0.11228,
9.04129,Right,2,normal,-0.10372,0.00000,0.11228,
9.05382,Right,2,normal,-0.10372,0.00000,0.11228,
9.05896,Right,2,normal,-0.10372,0.00000,0.11228,
9.06540,Right,2,normal,-0.10372,0.00000,0.11228,
9.06988,Right,2,normal,-0.10372,0.00000,0.11228,
9.07485,Right,2,normal,-0.10372,0.00000,0.11228,
9.07931,Right,2,normal,-0.10372,0.00000,0.11228,
9.08355,Right,2,normal,-0.10372,0.00000,0.11228,
9.08804,Right,2,normal,-0.10372,0.00000,0.11228,
9.09269,Right,2,normal,-0.10372,0.00000,0.11228,
9.09705,Right,2,normal,-0.10372,0.00000,0.11228,
9.10125,Right,2,normal,-0.10372,0.00000,0.11228,
9.10691,Right,2,normal,-0.10372,0.00000,0.11228,
9.11156,Right,2,normal,-0.10372,0.00000,0.11228,
9.11580,Right,2,normal,-0.10372,0.00000,0.11228,
9.12009,Right,2,normal,-0.10372,0.00000,0.11228,
9.12450,Right,2,normal,-0.10372,0.00000,0.11228,
9.12877,Right,2,normal,-0.10372,0.00000,0.11228,
9.13349,Right,2,normal,-0.10372,0.00000,0.11228,
9.14066,Right,2,normal,-0.10372,0.00000,0.11228,
9.14499,Right,2,normal,-0.10372,0.00000,0.11228,
9.14925,Right,2,normal,-0.10372,0.00000,0.11228,
9.15395,Right,2,normal,-0.10372,0.00000,0.11228,
9.15810,Right,2,normal,-0.10372,0.00000,0.11228,
9.16275,Right,2,normal,-0.10372,0.00000,0.11228,
9.16716,Right,2,normal,-0.10372,0.00000,0.11228,
9.18280,Right,2,normal,-0.10372,0.00000,0.11228,
9.18717,Right,2,normal,-0.10372,0.00000,0.11228,
9.19204,Right,2,normal,-0.10372,0.00000,0.11228,
9.19621,Right,2,normal,-0.10372,0.00000,0.11228,
9.20047,Right,2,normal,-0.10372,0.00000,0.11228,
9.20747,Right,2,normal,-0.10372,0.00000,0.11228,
9.21225,Right,2,normal,-0.10372,0.00000,0.11228,
9.21658,Right,2,normal,-0.10372,0.00000,0.11228,
9.22107,Right,2,normal,-0.10372,0.00000,0.11228,
9.22546,Right,2,normal,-0.10372,0.00000,0.11228,
9.22974,Right,2,normal,-0.10372,0.00000,0.11228,
9.23436,Right,2,normal,-0.10372,0.00000,0.11228,
9.24647,Right,2,normal,-0.10372,0.00000,0.11228,
9.25580,Right,2,normal,-0.10372,0.00000,0.11228,
9.26105,Right,2,normal,-0.10372,0.00000,0.11228,
9.26766,Right,2,normal,-0.10372,0.00000,0.11228,
9.27385,Right,2,normal,-0.10372,0.00000,0.11228,
9.27808,Right,2,normal,-0.10372,0.00000,0.11228,
9.28230,Right,2,normal,-0.10372,0.00000,0.11228,
9.28657,Right,2,normal,-0.10372,0.00000,0.11228,
9.29087,Right,2,normal,-0.10372,0.00000,0.11228,
9.29546,Right,2,normal,-0.10372,0.00000,0.11228,
9.29975,Right,2,normal,-0.10372,0.00000,0.11228,
9.30750,Right,2,normal,-0.10372,0.00000,0.11228,
9.31267,Right,2,normal,-0.10372,0.00000,0.11228,
9.31706,Right,2,normal,-0.10372,0.00000,0.11228,
9.32138,Right,2,normal,-0.10372,0.00000,0.11228,
9.33410,Right,2,normal,-0.10372,0.00000,0.11228,
9.33915,Right,2,normal,-0.10372,0.00000,0.11228,
9.34336,Right,2,normal,-0.10372,0.00000,0.11228,
9.34767,Right,2,normal,-0.10372,0.00000,0.11228,
9.35248,Right,2,normal,-0.10372,0.00000,0.11228,
9.35672,Right,2,normal,-0.10372,0.00000,0.11228,
9.36099,Right,2,normal,-0.10372,0.00000,0.11228,
9.36531,Right,2,normal,-0.10372,0.00000,0.11228,
9.36956,Right,2,normal,-0.10372,0.00000,0.11228,
9.37417,Right,2,normal,-0.10372,0.00000,0.11228,
9.37825,Right,2,normal,-0.10372,0.00000,0.11228,
9.38238,Right,2,normal,-0.10372,0.00000,0.11228,
9.38647,Right,2,normal,-0.10372,0.00000,0.11228,
9.39068,Right,2,normal,-0.10372,0.00000,0.11228,
9.39525,Right,2,normal,-0.10372,0.00000,0.11228,
9.39946,Right,2,normal,-0.10372,0.00000,0.11228,
9.40365,Right,2,normal,-0.10372,0.00000,0.11228,
9.40786,Right,2,normal,-0.10372,0.00000,0.11228,
9.41241,Right,2,normal,-0.10372,0.00000,0.11228,
9.41667,Right,2,normal,-0.10372,0.00000,0.11228,
9.42103,Right,2,normal,-0.10372,0.00000,0.11228,
9.42527,Right,2,normal,-0.10372,0.00000,0.11228,
9.42942,Right,2,normal,-0.10372,0.00000,0.11228,
9.43406,Right,2,normal,-0.10372,0.00000,0.11228,
9.44078,Right,2,normal,-0.10372,0.00000,0.11228,
9.44496,Right,2,normal,-0.10372,0.00000,0.11228,
9.44918,Right,2,normal,-0.10372,0.00000,0.11228,
9.45379,Right,2,normal,-0.10372,0.00000,0.11228,
9.45800,Right,2,normal,-0.10372,0.00000,0.11228,
9.46228,Right,2,normal,-0.10372,0.00000,0.11228,
9.46859,Right,2,normal,-0.10372,0.00000,0.11228,
9.47377,Right,2,normal,-0.10372,0.00000,0.11228,
9.48671,Right,2,normal,-0.10372,0.00000,0.11228,
9.49149,Right,2,normal,-0.10372,0.00000,0.11228,
9.49637,Right,2,normal,-0.10372,0.00000,0.11228,
9.50087,Right,2,normal,-0.10372,0.00000,0.11228,
9.50541,Right,2,normal,-0.10372,0.00000,0.11228,
9.50985,Right,2,normal,-0.10372,0.00000,0.11228,
9.51477,Right,2,normal,-0.10372,0.00000,0.11228,
9.51931,Right,2,normal,-0.10372,0.00000,0.11228,
9.52354,Right,2,normal,-0.10372,0.00000,0.11228,
9.52790,Right,2,normal,-0.10372,0.00000,0.11228,
9.53257,Right,2,normal,-0.10372,0.00000,0.11228,
9.53685,Right,2,normal,-0.10372,0.00000,0.11228,
9.54104,Right,2,normal,-0.10372,0.00000,0.11228,
9.54536,Right,2,normal,-0.10372,0.00000,0.11228,
9.54958,Right,2,normal,-0.10372,0.00000,0.11228,
9.55428,Right,2,normal,-0.10372,0.00000,0.11228,
9.55855,Right,2,normal,-0.10372,0.00000,0.11228,
9.57175,Right,2,normal,-0.10372,0.00000,0.11228,
9.57699,Right,2,normal,-0.10372,0.00000,0.11228,
9.58136,Right,2,normal,-0.10372,0.00000,0.11228,
9.58566,Right,2,normal,-0.10372,0.00000,0.11228,
9.58989,Right,2,normal,-0.10372,0.00000,0.11228,
9.59465,Right,2,normal,-0.10372,0.00000,0.11228,
9.59886,Right,2,normal,-0.10372,0.00000,0.11228,
9.60297,Right,2,normal,-0.10372,0.00000,0.11228,
9.60714,Right,2,normal,-0.10372,0.00000,0.11228,
9.61166,Right,2,normal,-0.10372,0.00000,0.11228,
9.61600,Right,2,normal,-0.10372,0.00000,0.11228,
9.62015,Right,2,normal,-0.10372,0.00000,0.11228,
9.62446,Right,2,normal,-0.10372,0.00000,0.11228,
9.63720,Right,2,normal,-0.10372,0.00000,0.11228,
9.64227,Right,2,normal,-0.10372,0.00000,0.11228,
9.64646,Right,2,normal,-0.10372,0.00000,0.11228,
9.65079,Right,2,normal,-0.10372,0.00000,0.11228,
9.65548,Right,2,normal,-0.10372,0.00000,0.11228,
9.65966,Right,2,normal,-0.10372,0.00000,0.11228,
9.66398,Right,2,normal,-0.10372,0.00000,0.11228,
9.67048,Right,2,normal,-0.10372,0.00000,0.11228,
9.67524,Right,2,normal,-0.10372,0.00000,0.11228,
9.67936,Right,2,normal,-0.10372,0.00000,0.11228,
9.68367,Right,2,normal,-0.10372,0.00000,0.11228,
9.68790,Right,2,normal,-0.10372,0.00000,0.11228,
9.69266,Right,2,normal,-0.10372,0.00000,0.11228,
9.69679,Right,2,normal,-0.10372,0.00000,0.11228,
9.70098,Right,2,normal,-0.10372,0.00000,0.11228,
9.70726,Right,2,normal,-0.10372,0.00000,0.11228,
9.71209,Right,2,normal,-0.10372,0.00000,0.11228,
9.71635,Right,2,normal,-0.10372,0.00000,0.11228,
9.72047,Right,2,normal,-0.10372,0.00000,0.11228,
9.72473,Right,2,normal,-0.10372,0.00000,0.11228,
9.72898,Right,2,normal,-0.10372,0.00000,0.11228,
9.73366,Right,2,normal,-0.10372,0.00000,0.11228,
9.74071,Right,2,normal,-0.10372,0.00000,0.11228,
9.74508,Right,2,normal,-0.10372,0.00000,0.11228,
9.74958,Right,2,normal,-0.10372,0.00000,0.11228,
9.75429,Right,2,normal,-0.10372,0.00000,0.11228,
9.75866,Right,2,normal,-0.10372,0.00000,0.11228,
9.76296,Right,2,normal,-0.10372,0.00000,0.11228,
9.76708,Right,2,normal,-0.10372,0.00000,0.11228,
9.77412,Right,2,normal,-0.10372,0.00000,0.11228,
9.77839,Right,2,normal,-0.10372,0.00000,0.11228,
9.79116,Right,2,normal,-0.10372,0.00000,0.11228,
9.79616,Right,2,normal,-0.10372,0.00000,0.11228,
9.80047,Right,2,normal,-0.10372,0.00000,0.11228,
9.80749,Right,2,normal,-0.10372,0.00000,0.11228,
9.81224,Right,2,normal,-0.10372,0.00000,0.11228,
9.81646,Right,2,normal,-0.10372,0.00000,0.11228,
9.82116,Right,2,normal,-0.10372,0.00000,0.11228,
9.82537,Right,2,normal,-0.10372,0.00000,0.11228,
9.82969,Right,2,normal,-0.10372,0.00000,0.11228,
9.83438,Right,2,normal,-0.10372,0.00000,0.11228,
9.84079,Right,2,normal,-0.10372,0.00000,0.11228,
9.84512,Right,2,normal,-0.10372,0.00000,0.11228,
9.84942,Right,2,normal,-0.10372,0.00000,0.11228,
9.85426,Right,2,normal,-0.10372,0.00000,0.11228,
9.85836,Right,2,normal,-0.10372,0.00000,0.11228,
9.86286,Right,2,normal,-0.10372,0.00000,0.11228,
9.86712,Right,2,normal,-0.10372,0.00000,0.11228,
9.87603,Right,2,normal,-0.10372,0.00000,0.11228,
9.88047,Right,2,normal,-0.10372,0.00000,0.11228,
9.88490,Right,2,normal,-0.10372,0.00000,0.11228,
9.88924,Right,2,normal,-0.10372,0.00000,0.11228,
9.89410,Right,2,normal,-0.10372,0.00000,0.11228,
9.89833,Right,2,normal,-0.10372,0.00000,0.11228,
9.90263,Right,2,normal,-0.10372,0.00000,0.11228,
9.90683,Right,2,normal,-0.10372,0.00000,0.11228,
9.91115,Right,2,normal,-0.10372,0.00000,0.11228,
9.91615,Right,2,normal,-0.10372,0.00000,0.11228,
9.92846,Right,2,normal,-0.10372,0.00000,0.11228,
9.93396,Right,2,normal,-0.10372,0.00000,0.11228,
9.94685,Right,2,normal,-0.10372,0.00000,0.11228,
9.95124,Right,2,normal,-0.10372,0.00000,0.11228,
9.95607,Right,2,normal,-0.10372,0.00000,0.11228,
9.96038,Right,2,normal,-0.10372,0.00000,0.11228,
9.96488,Right,2,normal,-0.10372,0.00000,0.11228,
9.96906,Right,2,normal,-0.10372,0.00000,0.11228,
9.97374,Right,2,normal,-0.10372,0.00000,0.11228,
9.97997,Right,2,normal,-0.10372,0.00000,0.11228,
9.98449,Right,2,normal,-0.10372,0.00000,0.11228,
9.98883,Right,2,normal,-0.10372,0.00000,0.11228,
9.99357,Right,2,normal,-0.10372,0.00000,0.11228,
10.00180,Right,2,normal,-0.10372,0.00000,0.11228,
10.00714,Right,2,normal,-0.10372,0.00000,0.11228,
10.01188,Right,2,normal,-0.10372,0.00000,0.11228,
10.01632,Right,2,normal,-0.10372,0.00000,0.11228,
10.02073,Right,2,normal,-0.10372,0.00000,0.11228,
10.02487,Right,2,normal,-0.10372,0.00000,0.11228,
10.02944,Right,2,normal,-0.10372,0.00000,0.11228,
10.03398,Right,2,normal,-0.10372,0.00000,0.11228,
10.04116,Right,2,normal,-0.10372,0.00000,0.11228,
10.04544,Right,2,normal,-0.10372,0.00000,0.11228,
10.04959,Right,2,normal,-0.10372,0.00000,0.11228,
10.05437,Right,2,normal,-0.10372,0.00000,0.11228,
10.05857,Right,2,normal,-0.10372,0.00000,0.11228,
10.06310,Right,2,normal,-0.10372,0.00000,0.11228,
10.06738,Right,2,normal,-0.10372,0.00000,0.11228,
10.07619,Right,2,normal,-0.10372,0.00000,0.11228,
10.08066,Right,2,normal,-0.10372,0.00000,0.11228,
10.08496,Right,2,normal,-0.10372,0.00000,0.11228,
10.09772,Right,2,normal,-0.10372,0.00000,0.11228,
10.10306,Right,2,normal,-0.10372,0.00000,0.11228,
10.10727,Right,2,normal,-0.10372,0.00000,0.11228,
10.12192,Right,2,normal,-0.10372,0.00000,0.11228,
10.12613,Right,2,normal,-0.10372,0.00000,0.11228,
10.13026,Right,2,normal,-0.10372,0.00000,0.11228,
10.14489,Right,2,normal,-0.10372,0.00000,0.11228,
10.14896,Right,2,normal,-0.10372,0.00000,0.11228,
10.16379,Right,2,normal,-0.10372,0.00000,0.11228,
10.16803,Right,2,normal,-0.10372,0.00000,0.11228,
10.17266,Right,2,normal,-0.10372,0.00000,0.11228,
10.17693,Right,2,normal,-0.10372,0.00000,0.11228,
10.18113,Right,2,normal,-0.10372,0.00000,0.11228,
10.18542,Right,2,normal,-0.10372,0.00000,0.11228,
10.18968,Right,2,normal,-0.10372,0.00000,0.11228,
10.19430,Right,2,normal,-0.10372,0.00000,0.11228,
10.19868,Right,2,normal,-0.10372,0.00000,0.11228,
10.20308,Right,2,normal,-0.10372,0.00000,0.11228,
10.20753,Right,2,normal,-0.10372,0.00000,0.11228,
10.21215,Right,2,normal,-0.10372,0.00000,0.11228,
10.21663,Right,2,normal,-0.10372,0.00000,0.11228,
10.22078,Right,2,normal,-0.10372,0.00000,0.11228,
10.22512,Right,2,normal,-0.10372,0.00000,0.11228,
10.22937,Right,2,normal,-0.10372,0.00000,0.11228,
10.23429,Right,2,normal,-0.10372,0.00000,0.11228,
10.23899,Right,2,normal,-0.10372,0.00000,0.11228,
10.25224,Right,2,normal,-0.10372,0.00000,0.11228,
10.25765,Right,2,normal,-0.10372,0.00000,0.11228,
10.26233,Right,2,normal,-0.10372,0.00000,0.11228,
10.26704,Right,2,normal,-0.10372,0.00000,0.11228,
10.27388,Right,2,normal,-0.10372,0.00000,0.11228,
10.28057,Right,2,normal,-0.10372,0.00000,0.11228,
10.28508,Right,2,normal,-0.10372,0.00000,0.11228,
10.28939,Right,2,normal,-0.10372,0.00000,0.11228,
10.29550,Right,2,normal,-0.10372,0.00000,0.11228,
10.29982,Right,2,normal,-0.10372,0.00000,0.11228,
10.30751,Right,2,normal,-0.10372,0.00000,0.11228,
10.31230,Right,2,normal,-0.10372,0.00000,0.11228,
10.31658,Right,2,normal,-0.10372,0.00000,0.11228,
10.32921,Right,2,normal,-0.10372,0.00000,0.11228,
10.33451,Right,2,normal,-0.10372,0.00000,0.11228,
10.33888,Right,2,normal,-0.10372,0.00000,0.11228,
10.34333,Right,2,normal,-0.10372,0.00000,0.11228,
10.34766,Right,2,normal,-0.10372,0.00000,0.11228,
10.35246,Right,2,normal,-0.10372,0.00000,0.11228,
touchedTargets: System.Collections.Generic.List`1[System.Int32]
