Left,ShoulderPos: (0.01, 0.63, 0.02),XZ,0.35
0.00000,Left,1,normal,0.00000,0.00000,0.00000,
0.00641,Left,1,normal,0.00000,0.00000,0.00000,
0.01329,Left,1,normal,0.00000,0.00000,0.00000,
0.01818,Left,1,normal,0.00000,0.00000,0.00000,
0.02319,Left,1,normal,0.00000,0.00000,0.00000,
0.02859,Left,1,normal,0.00000,0.00000,0.00000,
0.03346,Left,1,normal,0.00000,0.00000,0.00000,
0.03826,Left,1,normal,0.00000,0.00000,0.00000,
0.04319,Left,1,normal,0.00000,0.00000,0.00000,
0.05773,Left,1,normal,0.00000,0.00000,0.00000,
0.06314,Left,1,normal,0.00000,0.00000,0.00000,
0.06880,Left,1,normal,0.00000,0.00000,0.00000,
0.07375,Left,1,normal,0.00000,0.00000,0.00000,
0.07857,Left,1,normal,0.00000,0.00000,0.00000,
0.08323,Left,1,normal,0.00000,0.00000,0.00000,
0.08849,Left,1,normal,0.00000,0.00000,0.00000,
0.09347,Left,1,normal,0.00000,0.00000,0.00000,
0.09850,Left,1,normal,0.00000,0.00000,0.00000,
0.10335,Left,1,normal,0.00000,0.00000,0.00000,
0.10859,Left,1,normal,0.00000,0.00000,0.00000,
0.11381,Left,1,normal,0.00000,0.00000,0.00000,
0.11864,Left,1,normal,0.00000,0.00000,0.00000,
0.12348,Left,1,normal,0.00000,0.00000,0.00000,
0.12902,Left,1,normal,0.00000,0.00000,0.00000,
0.13497,Left,1,normal,0.00000,0.00000,0.00000,
0.15146,Left,1,normal,0.00000,0.00000,0.00000,
0.16514,Left,1,normal,0.00000,0.00000,0.00000,
0.17998,Left,1,normal,0.00000,0.00000,0.00000,
0.19287,Left,1,normal,0.00000,0.00000,0.00000,
0.19818,Left,1,normal,0.00000,0.00000,0.00000,
0.20280,Left,1,normal,0.00000,0.00000,0.00000,
0.20760,Left,1,normal,0.00000,0.00000,0.00000,
0.21207,Left,1,normal,0.00000,0.00000,0.00000,
0.21658,Left,1,normal,0.00000,0.00000,0.00000,
0.22110,Left,1,normal,0.00000,0.00000,0.00000,
0.22567,Left,1,normal,0.00000,0.00000,0.00000,
0.23047,Left,1,normal,0.00000,0.00000,0.00000,
0.23474,Left,1,normal,0.00000,0.00000,0.00000,
0.23896,Left,1,normal,0.00000,0.00000,0.00000,
0.24327,Left,1,normal,0.00000,0.00000,0.00000,
0.24921,Left,1,normal,0.00000,0.00000,0.00000,
0.25378,Left,1,normal,0.00000,0.00000,0.00000,
0.25818,Left,1,normal,0.00000,0.00000,0.00000,
0.26260,Left,1,normal,0.00000,0.00000,0.00000,
0.26739,Left,1,normal,0.00000,0.00000,0.00000,
0.27169,Left,1,normal,0.00000,0.00000,0.00000,
0.27603,Left,1,normal,0.00000,0.00000,0.00000,
0.28050,Left,1,normal,0.00000,0.00000,0.00000,
0.28476,Left,1,normal,0.00000,0.00000,0.00000,
0.28958,Left,1,normal,0.00000,0.00000,0.00000,
0.30270,Left,1,normal,0.00000,0.00000,0.00000,
0.31604,Left,1,normal,0.00000,0.00000,0.00000,
0.32292,Left,1,normal,0.00000,0.00000,0.00000,
0.32849,Left,1,normal,0.00000,0.00000,0.00000,
0.33295,Left,1,normal,0.00000,0.00000,0.00000,
0.33731,Left,1,normal,0.00000,0.00000,0.00000,
0.34195,Left,1,normal,0.00000,0.00000,0.00000,
0.34634,Left,1,normal,0.00000,0.00000,0.00000,
0.35150,Left,1,normal,0.00000,0.00000,0.00000,
0.35902,Left,1,normal,0.00000,0.00000,0.00000,
0.36367,Left,1,normal,0.00000,0.00000,0.00000,
0.36904,Left,1,normal,0.00000,0.00000,0.00000,
0.37351,Left,1,normal,0.00000,0.00000,0.00000,
0.37829,Left,1,normal,0.00000,0.00000,0.00000,
0.38279,Left,1,normal,0.00000,0.00000,0.00000,
0.38792,Left,1,normal,0.00000,0.00000,0.00000,
0.39227,Left,1,normal,0.00000,0.00000,0.00000,
0.39674,Left,1,normal,0.00000,0.00000,0.00000,
0.40142,Left,1,normal,0.00000,0.00000,0.00000,
0.40587,Left,1,normal,0.00000,0.00000,0.00000,
0.41130,Left,1,normal,0.00000,0.00000,0.00000,
0.41624,Left,1,normal,0.00000,0.00000,0.00000,
0.42068,Left,1,normal,0.00000,0.00000,0.00000,
0.42513,Left,1,normal,0.00000,0.00000,0.00000,
0.43010,Left,1,normal,0.00000,0.00000,0.00000,
0.43479,Left,1,normal,0.00000,0.00000,0.00000,
0.43919,Left,1,normal,0.00000,0.00000,0.00000,
0.44369,Left,1,normal,0.00000,0.00000,0.00000,
0.45909,Left,1,normal,0.00000,0.00000,0.00000,
0.46400,Left,1,normal,0.00000,0.00000,0.00000,
0.46942,Left,1,normal,0.00000,0.00000,0.00000,
0.47373,Left,1,normal,0.00000,0.00000,0.00000,
0.47859,Left,1,normal,0.00000,0.00000,0.00000,
0.48291,Left,1,normal,0.00000,0.00000,0.00000,
0.48807,Left,1,normal,0.00000,0.00000,0.00000,
0.49248,Left,1,normal,0.00000,0.00000,0.00000,
0.49715,Left,1,normal,0.00000,0.00000,0.00000,
0.50186,Left,1,normal,0.00000,0.00000,0.00000,
0.50639,Left,1,normal,0.00000,0.00000,0.00000,
0.51125,Left,1,normal,0.00000,0.00000,0.00000,
0.51590,Left,1,normal,0.00000,0.00000,0.00000,
0.52037,Left,1,normal,0.00000,0.00000,0.00000,
0.52483,Left,1,normal,0.00000,0.00000,0.00000,
0.52979,Left,1,normal,0.00000,0.00000,0.00000,
0.53427,Left,1,normal,0.00000,0.00000,0.00000,
0.53890,Left,1,normal,0.00000,0.00000,0.00000,
0.54320,Left,1,normal,0.00000,0.00000,0.00000,
0.55640,Left,1,normal,0.00000,0.00000,0.00000,
0.56134,Left,1,normal,0.00000,0.00000,0.00000,
0.56618,Left,1,normal,0.00000,0.00000,0.00000,
0.57098,Left,1,normal,0.00000,0.00000,0.00000,
0.57528,Left,1,normal,0.00000,0.00000,0.00000,
0.57998,Left,1,normal,0.00000,0.00000,0.00000,
0.58470,Left,1,normal,0.00000,0.00000,0.00000,
0.58978,Left,1,normal,0.00000,0.00000,0.00000,
0.59513,Left,1,normal,0.00000,0.00000,0.00000,
0.60964,Left,1,normal,0.00000,0.00000,0.00000,
0.61513,Left,1,normal,0.00000,0.00000,0.00000,
0.61980,Left,1,normal,0.00000,0.00000,0.00000,
0.62426,Left,1,normal,0.00000,0.00000,0.00000,
0.62969,Left,1,normal,0.00000,0.00000,0.00000,
0.63425,Left,1,normal,0.00000,0.00000,0.00000,
0.63879,Left,1,normal,0.00000,0.00000,0.00000,
0.64318,Left,1,normal,0.00000,0.00000,0.00000,
0.64821,Left,1,normal,0.00000,0.00000,0.00000,
0.65378,Left,1,normal,0.00000,0.00000,0.00000,
0.65835,Left,1,normal,0.00000,0.00000,0.00000,
0.66279,Left,1,normal,0.00000,0.00000,0.00000,
0.66752,Left,1,normal,0.00000,0.00000,0.00000,
0.67190,Left,1,normal,0.00000,0.00000,0.00000,
0.67635,Left,1,normal,0.00000,0.00000,0.00000,
0.68087,Left,1,normal,0.00000,0.00000,0.00000,
0.68514,Left,1,normal,0.00000,0.00000,0.00000,
0.68988,Left,1,normal,0.00000,0.00000,0.00000,
0.69416,Left,1,normal,0.00000,0.00000,0.00000,
0.69853,Left,1,normal,0.00000,0.00000,0.00000,
0.71292,Left,1,normal,0.00000,0.00000,0.00000,
0.71789,Left,1,normal,0.00000,0.00000,0.00000,
0.72238,Left,1,normal,0.00000,0.00000,0.00000,
0.72730,Left,1,normal,0.00000,0.00000,0.00000,
0.73177,Left,1,normal,0.00000,0.00000,0.00000,
0.73618,Left,1,normal,0.00000,0.00000,0.00000,
0.74060,Left,1,normal,0.00000,0.00000,0.00000,
0.74487,Left,1,normal,0.00000,0.00000,0.00000,
0.74973,Left,1,normal,0.00000,0.00000,0.00000,
0.76351,Left,1,normal,0.00000,0.00000,0.00000,
0.76848,Left,1,normal,0.00000,0.00000,0.00000,
0.77287,Left,1,normal,0.00000,0.00000,0.00000,
0.77730,Left,1,normal,0.00000,0.00000,0.00000,
0.78194,Left,1,normal,0.00000,0.00000,0.00000,
0.78638,Left,1,normal,0.00000,0.00000,0.00000,
0.79119,Left,1,normal,0.00000,0.00000,0.00000,
0.79557,Left,1,normal,0.00000,0.00000,0.00000,
0.79991,Left,1,normal,0.00000,0.00000,0.00000,
0.80431,Left,1,normal,0.00000,0.00000,0.00000,
0.81727,Left,1,normal,0.00000,0.00000,0.00000,
0.82220,Left,1,normal,0.00000,0.00000,0.00000,
0.82658,Left,1,normal,0.00000,0.00000,0.00000,
0.83156,Left,1,normal,0.00000,0.00000,0.00000,
0.83615,Left,1,normal,0.00000,0.00000,0.00000,
0.84056,Left,1,normal,0.00000,0.00000,0.00000,
0.84508,Left,1,normal,0.00000,0.00000,0.00000,
0.84989,Left,1,normal,0.00000,0.00000,0.00000,
0.85550,Left,1,normal,0.00000,0.00000,0.00000,
0.86010,Left,1,normal,0.00000,0.00000,0.00000,
0.86493,Left,1,normal,0.00000,0.00000,0.00000,
0.87040,Left,1,normal,0.00000,0.00000,0.00000,
0.87477,Left,1,normal,0.00000,0.00000,0.00000,
0.87945,Left,1,normal,0.00000,0.00000,0.00000,
0.88425,Left,1,normal,0.00000,0.00000,0.00000,
0.88928,Left,1,normal,0.00000,0.00000,0.00000,
0.89369,Left,1,normal,0.00000,0.00000,0.00000,
0.89829,Left,1,normal,0.00000,0.00000,0.00000,
0.90320,Left,1,normal,0.00000,0.00000,0.00000,
0.91763,Left,1,normal,0.00000,0.00000,0.00000,
0.92239,Left,1,normal,0.00000,0.00000,0.00000,
0.92747,Left,1,normal,0.00000,0.00000,0.00000,
0.93209,Left,1,normal,0.00000,0.00000,0.00000,
0.93689,Left,1,normal,0.00000,0.00000,0.00000,
0.94137,Left,1,normal,0.00000,0.00000,0.00000,
0.94593,Left,1,normal,0.00000,0.00000,0.00000,
0.95113,Left,1,normal,0.00000,0.00000,0.00000,
0.95560,Left,1,normal,0.00000,0.00000,0.00000,
0.95984,Left,1,normal,0.00000,0.00000,0.00000,
0.96466,Left,1,normal,0.00000,0.00000,0.00000,
0.97007,Left,1,normal,0.00000,0.00000,0.00000,
0.97440,Left,1,normal,0.00000,0.00000,0.00000,
0.97908,Left,1,normal,0.00000,0.00000,0.00000,
0.98380,Left,1,normal,0.00000,0.00000,0.00000,
0.98879,Left,1,normal,0.00000,0.00000,0.00000,
0.99322,Left,1,normal,0.00000,0.00000,0.00000,
0.99794,Left,1,normal,0.00000,0.00000,0.00000,
1.00264,Left,1,normal,0.00000,0.00000,0.00000,
1.00748,Left,1,normal,0.00000,0.00000,0.00000,
1.01175,Left,1,normal,0.00000,0.00000,0.00000,
1.01639,Left,1,normal,0.00000,0.00000,0.00000,
1.02079,Left,1,normal,0.00000,0.00000,0.00000,
1.02510,Left,1,normal,0.00000,0.00000,0.00000,
1.03001,Left,1,normal,0.00000,0.00000,0.00000,
1.03428,Left,1,normal,0.00000,0.00000,0.00000,
1.03880,Left,1,normal,0.00000,0.00000,0.00000,
1.04321,Left,1,normal,0.00000,0.00000,0.00000,
1.04845,Left,1,normal,0.00000,0.00000,0.00000,
1.06085,Left,1,normal,0.00000,0.00000,0.00000,
1.07650,Left,1,normal,0.00000,0.00000,0.00000,
1.08231,Left,1,normal,0.00000,0.00000,0.00000,
1.08728,Left,1,normal,0.00000,0.00000,0.00000,
1.09243,Left,1,normal,0.00000,0.00000,0.00000,
1.09719,Left,1,normal,0.00000,0.00000,0.00000,
1.10197,Left,1,normal,0.00000,0.00000,0.00000,
1.10647,Left,1,normal,0.00000,0.00000,0.00000,
1.11156,Left,1,normal,0.00000,0.00000,0.00000,
1.11596,Left,1,normal,0.00000,0.00000,0.00000,
1.12061,Left,1,normal,0.00000,0.00000,0.00000,
1.12488,Left,1,normal,0.00000,0.00000,0.00000,
1.14023,Left,1,normal,0.00000,0.00000,0.00000,
1.14532,Left,1,normal,0.00000,0.00000,0.00000,
1.15072,Left,1,normal,0.00000,0.00000,0.00000,
1.15527,Left,1,normal,0.00000,0.00000,0.00000,
1.15968,Left,1,normal,0.00000,0.00000,0.00000,
1.16440,Left,1,normal,0.00000,0.00000,0.00000,
1.16934,Left,1,normal,0.00000,0.00000,0.00000,
1.17368,Left,1,normal,0.00000,0.00000,0.00000,
1.17817,Left,1,normal,0.00000,0.00000,0.00000,
1.18289,Left,1,normal,0.00000,0.00000,0.00000,
1.18757,Left,1,normal,0.00000,0.00000,0.00000,
1.19199,Left,1,normal,0.00000,0.00000,0.00000,
1.19655,Left,1,normal,0.00000,0.00000,0.00000,
1.20138,Left,1,normal,0.00000,0.00000,0.00000,
1.20610,Left,1,normal,0.00000,0.00000,0.00000,
1.22030,Left,1,normal,0.00000,0.00000,0.00000,
1.22489,Left,1,normal,0.00000,0.00000,0.00000,
1.23010,Left,1,normal,0.00000,0.00000,0.00000,
1.23477,Left,1,normal,0.00000,0.00000,0.00000,
1.23907,Left,1,normal,0.00000,0.00000,0.00000,
1.24350,Left,1,normal,0.00000,0.00000,0.00000,
1.24871,Left,1,normal,0.00000,0.00000,0.00000,
1.25358,Left,1,normal,0.00000,0.00000,0.00000,
1.25803,Left,1,normal,0.00000,0.00000,0.00000,
1.26449,Left,1,normal,0.00000,0.00000,0.00000,
1.26974,Left,1,normal,0.00000,0.00000,0.00000,
1.27420,Left,1,normal,0.00000,0.00000,0.00000,
1.27859,Left,1,normal,0.00000,0.00000,0.00000,
1.28338,Left,1,normal,0.00000,0.00000,0.00000,
1.28838,Left,1,normal,0.00000,0.00000,0.00000,
1.29272,Left,1,normal,0.00000,0.00000,0.00000,
1.29713,Left,1,normal,0.00000,0.00000,0.00000,
1.30178,Left,1,normal,0.00000,0.00000,0.00000,
1.30611,Left,1,normal,0.00000,0.00000,0.00000,
1.31436,Left,1,normal,0.00000,0.00000,0.00000,
1.32427,Left,1,normal,0.00000,0.00000,0.00000,
1.32982,Left,1,normal,0.00000,0.00000,0.00000,
1.33450,Left,1,normal,0.00000,0.00000,0.00000,
1.33887,Left,1,normal,0.00000,0.00000,0.00000,
1.34313,Left,1,normal,0.00000,0.00000,0.00000,
1.34813,Left,1,normal,0.00000,0.00000,0.00000,
1.35290,Left,1,normal,0.00000,0.00000,0.00000,
1.35742,Left,1,normal,0.00000,0.00000,0.00000,
1.37158,Left,1,normal,0.00000,0.00000,0.00000,
1.37848,Left,1,normal,0.00000,0.00000,0.00000,
1.38353,Left,1,normal,0.00000,0.00000,0.00000,
1.38902,Left,1,normal,0.00000,0.00000,0.00000,
1.39364,Left,1,normal,0.00000,0.00000,0.00000,
1.39832,Left,1,normal,0.00000,0.00000,0.00000,
1.40339,Left,1,normal,0.00000,0.00000,0.00000,
1.40836,Left,1,normal,0.00000,0.00000,0.00000,
1.41319,Left,1,normal,0.00000,0.00000,0.00000,
1.41772,Left,1,normal,0.00000,0.00000,0.00000,
1.42249,Left,1,normal,0.00000,0.00000,0.00000,
1.42791,Left,1,normal,0.00000,0.00000,0.00000,
1.43240,Left,1,normal,0.00000,0.00000,0.00000,
1.43679,Left,1,normal,0.00000,0.00000,0.00000,
1.44143,Left,1,normal,0.00000,0.00000,0.00000,
1.44617,Left,1,normal,0.00000,0.00000,0.00000,
1.45097,Left,1,normal,0.00000,0.00000,0.00000,
1.45539,Left,1,normal,0.00000,0.00000,0.00000,
1.45992,Left,1,normal,0.00000,0.00000,0.00000,
1.46594,Left,1,normal,0.00000,0.00000,0.00000,
1.47110,Left,1,normal,0.00000,0.00000,0.00000,
1.47558,Left,1,normal,0.00000,0.00000,0.00000,
1.47997,Left,1,normal,0.00000,0.00000,0.00000,
1.48437,Left,1,normal,0.00000,0.00000,0.00000,
1.48929,Left,1,normal,0.00000,0.00000,0.00000,
1.49362,Left,1,normal,0.00000,0.00000,0.00000,
1.49802,Left,1,normal,0.00000,0.00000,0.00000,
1.50249,Left,1,normal,0.00000,0.00000,0.00000,
1.50745,Left,1,normal,0.00000,0.00000,0.00000,
1.52151,Left,1,normal,0.00000,0.00000,0.00000,
1.52611,Left,1,normal,0.00000,0.00000,0.00000,
1.53099,Left,1,normal,0.00000,0.00000,0.00000,
1.53543,Left,1,normal,0.00000,0.00000,0.00000,
1.53998,Left,1,normal,0.00000,0.00000,0.00000,
1.54427,Left,1,normal,0.00000,0.00000,0.00000,
1.54911,Left,1,normal,0.00000,0.00000,0.00000,
1.55348,Left,1,normal,0.00000,0.00000,0.00000,
1.55780,Left,1,normal,0.00000,0.00000,0.00000,
1.56210,Left,1,normal,0.00000,0.00000,0.00000,
1.56637,Left,1,normal,0.00000,0.00000,0.00000,
1.57885,Left,1,normal,0.00000,0.00000,0.00000,
1.58379,Left,1,normal,0.00000,0.00000,0.00000,
1.58860,Left,1,normal,0.00000,0.00000,0.00000,
1.59307,Left,1,normal,0.00000,0.00000,0.00000,
1.60039,Left,1,normal,0.00000,0.00000,0.00000,
1.60487,Left,1,normal,0.00000,0.00000,0.00000,
1.60968,Left,1,normal,0.00000,0.00000,0.00000,
1.61420,Left,1,normal,0.00000,0.00000,0.00000,
1.61861,Left,1,normal,0.00000,0.00000,0.00000,
1.62299,Left,1,normal,0.00000,0.00000,0.00000,
1.62769,Left,1,normal,0.00000,0.00000,0.00000,
1.63192,Left,1,normal,0.00000,0.00000,0.00000,
1.63620,Left,1,normal,0.00000,0.00000,0.00000,
1.64054,Left,1,normal,0.00000,0.00000,0.00000,
1.64487,Left,1,normal,0.00000,0.00000,0.00000,
1.64973,Left,1,normal,0.00000,0.00000,0.00000,
1.65413,Left,1,normal,0.00000,0.00000,0.00000,
1.65854,Left,1,normal,0.00000,0.00000,0.00000,
1.67222,Left,1,normal,0.00000,0.00000,0.00000,
1.67853,Left,1,normal,0.00000,0.00000,0.00000,
1.68300,Left,1,normal,0.00000,0.00000,0.00000,
1.68798,Left,1,normal,0.00000,0.00000,0.00000,
1.69231,Left,1,normal,0.00000,0.00000,0.00000,
1.69717,Left,1,normal,0.00000,0.00000,0.00000,
1.70167,Left,1,normal,0.00000,0.00000,0.00000,
1.70608,Left,1,normal,0.00000,0.00000,0.00000,
1.71083,Left,1,normal,0.00000,0.00000,0.00000,
1.71521,Left,1,normal,0.00000,0.00000,0.00000,
1.71959,Left,1,normal,0.00000,0.00000,0.00000,
1.72399,Left,1,normal,0.00000,0.00000,0.00000,
1.72889,Left,1,normal,0.00000,0.00000,0.00000,
1.73324,Left,1,normal,0.00000,0.00000,0.00000,
1.73760,Left,1,normal,0.00000,0.00000,0.00000,
1.74191,Left,1,normal,0.00000,0.00000,0.00000,
1.74618,Left,1,normal,0.00000,0.00000,0.00000,
1.75089,Left,1,normal,0.00000,0.00000,0.00000,
1.75528,Left,1,normal,0.00000,0.00000,0.00000,
1.75945,Left,1,normal,0.00000,0.00000,0.00000,
1.76381,Left,1,normal,0.00000,0.00000,0.00000,
1.76868,Left,1,normal,0.00000,0.00000,0.00000,
1.77303,Left,1,normal,0.00000,0.00000,0.00000,
1.77729,Left,1,normal,0.00000,0.00000,0.00000,
1.78179,Left,1,normal,0.00000,0.00000,0.00000,
1.78617,Left,1,normal,0.00000,0.00000,0.00000,
1.79091,Left,1,normal,0.00000,0.00000,0.00000,
1.79518,Left,1,normal,0.00000,0.00000,0.00000,
1.79938,Left,1,normal,0.00000,0.00000,0.00000,
1.80381,Left,1,normal,0.00000,0.00000,0.00000,
1.80859,Left,1,normal,0.00000,0.00000,0.00000,
1.82190,Left,1,normal,0.00000,0.00000,0.00000,
1.83433,Left,1,normal,0.00000,0.00000,0.00000,
1.83981,Left,1,normal,0.00000,0.00000,0.00000,
1.84438,Left,1,normal,0.00000,0.00000,0.00000,
1.84917,Left,1,normal,0.00000,0.00000,0.00000,
1.85352,Left,1,normal,0.00000,0.00000,0.00000,
1.85797,Left,1,normal,0.00000,0.00000,0.00000,
1.86229,Left,1,normal,0.00000,0.00000,0.00000,
1.86661,Left,1,normal,0.00000,0.00000,0.00000,
1.87127,Left,1,normal,0.00000,0.00000,0.00000,
1.87553,Left,1,normal,0.00000,0.00000,0.00000,
1.88101,Left,1,normal,0.00000,0.00000,0.00000,
1.88565,Left,1,normal,0.00000,0.00000,0.00000,
1.89049,Left,1,normal,0.00000,0.00000,0.00000,
1.89490,Left,1,normal,0.00000,0.00000,0.00000,
1.89923,Left,1,normal,0.00000,0.00000,0.00000,
1.90357,Left,1,normal,0.00000,0.00000,0.00000,
1.90822,Left,1,normal,0.00000,0.00000,0.00000,
1.91292,Left,1,normal,0.00000,0.00000,0.00000,
1.91765,Left,1,normal,0.00000,0.00000,0.00000,
1.92219,Left,1,normal,0.00000,0.00000,0.00000,
1.92658,Left,1,normal,0.00000,0.00000,0.00000,
1.93166,Left,1,normal,0.00000,0.00000,0.00000,
1.93654,Left,1,normal,0.00000,0.00000,0.00000,
1.94104,Left,1,normal,0.00000,0.00000,0.00000,
1.94569,Left,1,normal,0.00000,0.00000,0.00000,
1.95078,Left,1,normal,0.00000,0.00000,0.00000,
1.95849,Left,1,normal,0.00000,0.00000,0.00000,
1.96292,Left,1,normal,0.00000,0.00000,0.00000,
1.97746,Left,1,normal,0.00000,0.00000,0.00000,
1.98242,Left,1,normal,0.00000,0.00000,0.00000,
1.98789,Left,1,normal,0.00000,0.00000,0.00000,
1.99214,Left,1,normal,0.00000,0.00000,0.00000,
1.99655,Left,1,normal,0.00000,0.00000,0.00000,
2.00128,Left,1,normal,0.00000,0.00000,0.00000,
2.00558,Left,1,normal,0.00000,0.00000,0.00000,
2.01034,Left,1,normal,0.00000,0.00000,0.00000,
2.01507,Left,1,normal,0.00000,0.00000,0.00000,
2.01978,Left,1,normal,0.00000,0.00000,0.00000,
2.02412,Left,1,normal,0.00000,0.00000,0.00000,
2.02930,Left,1,normal,0.00000,0.00000,0.00000,
2.03368,Left,1,normal,0.00000,0.00000,0.00000,
2.03827,Left,1,normal,0.00000,0.00000,0.00000,
2.04255,Left,1,normal,0.00000,0.00000,0.00000,
2.04723,Left,1,normal,0.00000,0.00000,0.00000,
2.05189,Left,1,normal,0.00000,0.00000,0.00000,
2.05636,Left,1,normal,0.00000,0.00000,0.00000,
2.06074,Left,1,normal,0.00000,0.00000,0.00000,
2.06511,Left,1,normal,0.00000,0.00000,0.00000,
2.06991,Left,1,normal,0.00000,0.00000,0.00000,
2.07416,Left,1,normal,0.00000,0.00000,0.00000,
2.08656,Left,1,normal,0.00000,0.00000,0.00000,
2.09288,Left,1,normal,0.00000,0.00000,0.00000,
2.09718,Left,1,normal,0.00000,0.00000,0.00000,
2.10137,Left,1,normal,0.00000,0.00000,0.00000,
2.10591,Left,1,normal,0.00000,0.00000,0.00000,
2.11076,Left,1,normal,0.00000,0.00000,0.00000,
2.11511,Left,1,normal,0.00000,0.00000,0.00000,
2.12855,Left,1,normal,0.00000,0.00000,0.00000,
2.13342,Left,1,normal,0.00000,0.00000,0.00000,
2.14340,Left,1,normal,0.00000,0.00000,0.00000,
2.14847,Left,1,normal,0.00000,0.00000,0.00000,
2.15268,Left,1,normal,0.00000,0.00000,0.00000,
2.15692,Left,1,normal,0.00000,0.00000,0.00000,
2.16138,Left,1,normal,0.00000,0.00000,0.00000,
2.16570,Left,1,normal,0.00000,0.00000,0.00000,
2.17052,Left,1,normal,0.00000,0.00000,0.00000,
2.17492,Left,1,normal,0.00000,0.00000,0.00000,
2.17959,Left,1,normal,0.00000,0.00000,0.00000,
2.18411,Left,1,normal,0.00000,0.00000,0.00000,
2.18910,Left,1,normal,0.00000,0.00000,0.00000,
2.19353,Left,1,normal,0.00000,0.00000,0.00000,
2.19830,Left,1,normal,0.00000,0.00000,0.00000,
2.20259,Left,1,normal,0.00000,0.00000,0.00000,
2.20740,Left,1,normal,0.00000,0.00000,0.00000,
2.21177,Left,1,normal,0.00000,0.00000,0.00000,
2.21614,Left,1,normal,0.00000,0.00000,0.00000,
2.22047,Left,1,normal,0.00000,0.00000,0.00000,
2.22471,Left,1,normal,0.00000,0.00000,0.00000,
2.22960,Left,1,normal,0.00000,0.00000,0.00000,
2.23393,Left,1,normal,0.00000,0.00000,0.00000,
2.23820,Left,1,normal,0.00000,0.00000,0.00000,
2.24246,Left,1,normal,0.00000,0.00000,0.00000,
2.24706,Left,1,normal,0.00000,0.00000,0.00000,
2.25125,Left,1,normal,0.00000,0.00000,0.00000,
2.25568,Left,1,normal,0.00000,0.00000,0.00000,
2.26014,Left,1,normal,0.00000,0.00000,0.00000,
2.26450,Left,1,normal,0.00000,0.00000,0.00000,
2.26938,Left,1,normal,0.00000,0.00000,0.00000,
2.28273,Left,1,normal,0.00000,0.00000,0.00000,
2.28890,Left,1,normal,0.00000,0.00000,0.00000,
2.29355,Left,1,normal,0.00000,0.00000,0.00000,
2.29801,Left,1,normal,0.00000,0.00000,0.00000,
2.30238,Left,1,normal,0.00000,0.00000,0.00000,
2.30722,Left,1,normal,0.00000,0.00000,0.00000,
2.31136,Left,1,normal,0.00000,0.00000,0.00000,
2.31566,Left,1,normal,0.00000,0.00000,0.00000,
2.32016,Left,1,normal,0.00000,0.00000,0.00000,
2.32546,Left,1,normal,0.00000,0.00000,0.00000,
2.33036,Left,1,normal,0.00000,0.00000,0.00000,
2.33459,Left,1,normal,0.00000,0.00000,0.00000,
2.33900,Left,1,normal,0.00000,0.00000,0.00000,
2.35189,Left,1,normal,0.00000,0.00000,0.00000,
2.35747,Left,1,normal,0.00000,0.00000,0.00000,
2.36210,Left,1,normal,0.00000,0.00000,0.00000,
2.36648,Left,1,normal,0.00000,0.00000,0.00000,
2.37149,Left,1,normal,0.00000,0.00000,0.00000,
2.37599,Left,1,normal,0.00000,0.00000,0.00000,
2.38044,Left,1,normal,0.00000,0.00000,0.00000,
2.38484,Left,1,normal,0.00000,0.00000,0.00000,
2.38986,Left,1,normal,0.00000,0.00000,0.00000,
2.39424,Left,1,normal,0.00000,0.00000,0.00000,
2.39853,Left,1,normal,0.00000,0.00000,0.00000,
2.40295,Left,1,normal,0.00000,0.00000,0.00000,
2.40784,Left,1,normal,0.00000,0.00000,0.00000,
2.41219,Left,1,normal,0.00000,0.00000,0.00000,
2.41663,Left,1,normal,0.00000,0.00000,0.00000,
2.42127,Left,1,normal,0.00000,0.00000,0.00000,
2.43519,Left,1,normal,0.00000,0.00000,0.00000,
2.44038,Left,1,normal,0.00000,0.00000,0.00000,
2.44484,Left,1,normal,0.00000,0.00000,0.00000,
2.44970,Left,1,normal,0.00000,0.00000,0.00000,
2.45408,Left,1,normal,0.00000,0.00000,0.00000,
2.45868,Left,1,normal,0.00000,0.00000,0.00000,
2.46300,Left,1,normal,0.00000,0.00000,0.00000,
2.46877,Left,1,normal,0.00000,0.00000,0.00000,
2.47322,Left,1,normal,0.00000,0.00000,0.00000,
2.47770,Left,1,normal,0.00000,0.00000,0.00000,
2.48209,Left,1,normal,0.00000,0.00000,0.00000,
2.48651,Left,1,normal,0.00000,0.00000,0.00000,
2.49291,Left,1,normal,0.00000,0.00000,0.00000,
2.49730,Left,1,normal,0.00000,0.00000,0.00000,
2.50176,Left,1,normal,0.00000,0.00000,0.00000,
2.50656,Left,1,normal,0.00000,0.00000,0.00000,
2.51141,Left,1,normal,0.00000,0.00000,0.00000,
2.51569,Left,1,normal,0.00000,0.00000,0.00000,
2.52010,Left,1,normal,0.00000,0.00000,0.00000,
2.52456,Left,1,normal,0.00000,0.00000,0.00000,
2.52938,Left,1,normal,0.00000,0.00000,0.00000,
2.53366,Left,1,normal,0.00000,0.00000,0.00000,
2.53801,Left,1,normal,0.00000,0.00000,0.00000,
2.54242,Left,1,normal,0.00000,0.00000,0.00000,
2.54699,Left,1,normal,0.00000,0.00000,0.00000,
2.55126,Left,1,normal,0.00000,0.00000,0.00000,
2.55558,Left,1,normal,0.00000,0.00000,0.00000,
2.55979,Left,1,normal,0.00000,0.00000,0.00000,
2.56411,Left,1,normal,0.00000,0.00000,0.00000,
2.56891,Left,1,normal,0.00000,0.00000,0.00000,
2.57328,Left,1,normal,0.00000,0.00000,0.00000,
2.58651,Left,1,normal,0.00000,0.00000,0.00000,
2.59140,Left,1,normal,0.00000,0.00000,0.00000,
2.59588,Left,1,normal,0.00000,0.00000,0.00000,
2.60020,Left,1,normal,0.00000,0.00000,0.00000,
2.61189,Left,1,normal,0.00000,0.00000,0.00000,
2.61722,Left,1,normal,0.00000,0.00000,0.00000,
2.62168,Left,1,normal,0.00000,0.00000,0.00000,
2.62607,Left,1,normal,0.00000,0.00000,0.00000,
2.63090,Left,1,normal,0.00000,0.00000,0.00000,
2.63518,Left,1,normal,0.00000,0.00000,0.00000,
2.63937,Left,1,normal,0.00000,0.00000,0.00000,
2.64360,Left,1,normal,0.00000,0.00000,0.00000,
2.64838,Left,1,normal,0.00000,0.00000,0.00000,
2.65288,Left,1,normal,0.00000,0.00000,0.00000,
2.65730,Left,1,normal,0.00000,0.00000,0.00000,
2.66176,Left,1,normal,0.00000,0.00000,0.00000,
2.66607,Left,1,normal,0.00000,0.00000,0.00000,
2.67088,Left,1,normal,0.00000,0.00000,0.00000,
2.67509,Left,1,normal,0.00000,0.00000,0.00000,
2.67960,Left,1,normal,0.00000,0.00000,0.00000,
2.68401,Left,1,normal,0.00000,0.00000,0.00000,
2.68868,Left,1,normal,0.00000,0.00000,0.00000,
2.69413,Left,1,normal,0.00000,0.00000,0.00000,
2.69857,Left,1,normal,0.00000,0.00000,0.00000,
2.70286,Left,1,normal,0.00000,0.00000,0.00000,
2.70764,Left,1,normal,0.00000,0.00000,0.00000,
2.71208,Left,1,normal,0.00000,0.00000,0.00000,
2.71637,Left,1,normal,0.00000,0.00000,0.00000,
2.72070,Left,1,normal,0.00000,0.00000,0.00000,
2.72501,Left,1,normal,0.00000,0.00000,0.00000,
2.73932,Left,1,normal,0.00000,0.00000,0.00000,
2.74377,Left,1,normal,0.00000,0.00000,0.00000,
2.74877,Left,1,normal,0.00000,0.00000,0.00000,
2.75320,Left,1,normal,0.00000,0.00000,0.00000,
2.75758,Left,1,normal,0.00000,0.00000,0.00000,
2.76189,Left,1,normal,0.00000,0.00000,0.00000,
2.76613,Left,1,normal,0.00000,0.00000,0.00000,
2.77091,Left,1,normal,0.00000,0.00000,0.00000,
2.77527,Left,1,normal,0.00000,0.00000,0.00000,
2.77960,Left,1,normal,0.00000,0.00000,0.00000,
2.78402,Left,1,normal,0.00000,0.00000,0.00000,
2.78870,Left,1,normal,0.00000,0.00000,0.00000,
2.79307,Left,1,normal,0.00000,0.00000,0.00000,
2.79736,Left,1,normal,0.00000,0.00000,0.00000,
2.80158,Left,1,normal,0.00000,0.00000,0.00000,
2.80590,Left,1,normal,0.00000,0.00000,0.00000,
2.81066,Left,1,normal,0.00000,0.00000,0.00000,
2.81499,Left,1,normal,0.00000,0.00000,0.00000,
2.81929,Left,1,normal,0.00000,0.00000,0.00000,
2.82351,Left,1,normal,0.00000,0.00000,0.00000,
2.82808,Left,1,normal,0.00000,0.00000,0.00000,
2.83232,Left,1,normal,0.00000,0.00000,0.00000,
2.83669,Left,1,normal,0.00000,0.00000,0.00000,
2.84093,Left,1,normal,0.00000,0.00000,0.00000,
2.84531,Left,1,normal,0.00000,0.00000,0.00000,
2.85002,Left,1,normal,0.00000,0.00000,0.00000,
2.85428,Left,1,normal,0.00000,0.00000,0.00000,
2.86623,Left,1,normal,0.00000,0.00000,0.00000,
2.87140,Left,1,normal,0.00000,0.00000,0.00000,
2.87571,Left,1,normal,0.00000,0.00000,0.00000,
2.88878,Left,1,normal,0.00000,0.00000,0.00000,
2.89496,Left,1,normal,0.00000,0.00000,0.00000,
2.89934,Left,1,normal,0.00000,0.00000,0.00000,
2.90367,Left,1,normal,0.00000,0.00000,0.00000,
2.90832,Left,1,normal,0.00000,0.00000,0.00000,
2.91259,Left,1,normal,0.00000,0.00000,0.00000,
2.91689,Left,1,normal,0.00000,0.00000,0.00000,
2.92128,Left,1,normal,0.00000,0.00000,0.00000,
2.92552,Left,1,normal,0.00000,0.00000,0.00000,
2.93018,Left,1,normal,0.00000,0.00000,0.00000,
2.93447,Left,1,normal,0.00000,0.00000,0.00000,
2.93881,Left,1,normal,0.00000,0.00000,0.00000,
2.94316,Left,1,normal,0.00000,0.00000,0.00000,
2.94802,Left,1,normal,0.00000,0.00000,0.00000,
2.95240,Left,1,normal,0.00000,0.00000,0.00000,
2.95677,Left,1,normal,0.00000,0.00000,0.00000,
2.96118,Left,1,normal,0.00000,0.00000,0.00000,
2.96544,Left,1,normal,0.00000,0.00000,0.00000,
2.97018,Left,1,normal,0.00000,0.00000,0.00000,
2.97449,Left,1,normal,0.00000,0.00000,0.00000,
2.97892,Left,1,normal,0.00000,0.00000,0.00000,
2.98319,Left,1,normal,0.00000,0.00000,0.00000,
2.98858,Left,1,normal,0.00000,0.00000,0.00000,
2.99291,Left,1,normal,0.00000,0.00000,0.00000,
2.99706,Left,1,normal,0.00000,0.00000,0.00000,
3.00143,Left,1,normal,0.00000,0.00000,0.00000,
3.00590,Left,1,normal,0.00000,0.00000,0.00000,
3.01063,Left,1,normal,0.00000,0.00000,0.00000,
3.01498,Left,1,normal,0.00000,0.00000,0.00000,
3.01931,Left,1,normal,0.00000,0.00000,0.00000,
3.02359,Left,1,normal,0.00000,0.00000,0.00000,
3.02847,Left,1,normal,0.00000,0.00000,0.00000,
3.04151,Left,1,normal,0.00000,0.00000,0.00000,
3.04610,Left,1,normal,0.00000,0.00000,0.00000,
3.05168,Left,1,normal,0.00000,0.00000,0.00000,
3.05586,Left,1,normal,0.00000,0.00000,0.00000,
3.06021,Left,1,normal,0.00000,0.00000,0.00000,
3.06450,Left,1,normal,0.00000,0.00000,0.00000,
3.06926,Left,1,normal,0.00000,0.00000,0.00000,
3.07368,Left,1,normal,0.00000,0.00000,0.00000,
3.07801,Left,1,normal,0.00000,0.00000,0.00000,
3.08238,Left,1,normal,0.00000,0.00000,0.00000,
3.08736,Left,1,normal,0.00000,0.00000,-0.00961,
3.09697,Left,1,normal,0.00000,0.00000,-0.01874,
3.10609,Left,1,normal,0.00000,0.00000,-0.02415,
3.11150,Left,1,normal,0.00000,0.00000,-0.03807,
3.12543,Left,1,normal,0.00000,0.00000,-0.06051,
3.14787,Left,1,normal,0.00000,0.00000,-0.07615,
3.16351,Left,1,normal,0.00000,0.00000,-0.07615,
3.17884,Left,1,normal,0.00000,0.00000,-0.07615,
3.19360,Left,1,normal,0.00000,0.00000,-0.07615,
3.20782,Left,1,normal,0.00000,0.00000,-0.07615,
3.21327,Left,1,normal,0.00000,0.00000,-0.07615,
3.21788,Left,1,normal,0.00000,0.00000,-0.07615,
3.22227,Left,1,normal,0.00000,0.00000,-0.07615,
3.22677,Left,1,normal,0.00000,0.00000,-0.07615,
3.23169,Left,1,normal,0.00000,0.00000,-0.07615,
3.23607,Left,1,normal,0.00000,0.00000,-0.07615,
3.24048,Left,1,normal,0.00000,0.00000,-0.07615,
3.24488,Left,1,normal,0.00000,0.00000,-0.07615,
3.24963,Left,1,normal,0.00000,0.00000,-0.07615,
3.25419,Left,1,normal,0.00000,0.00000,-0.07615,
3.25856,Left,1,normal,0.00000,0.00000,-0.07615,
3.26299,Left,1,normal,0.00000,0.00000,-0.07615,
3.26798,Left,1,normal,0.00000,0.00000,-0.07615,
3.27232,Left,1,normal,0.00000,0.00000,-0.07615,
3.27664,Left,1,normal,0.00000,0.00000,-0.07615,
3.28109,Left,1,normal,0.00000,0.00000,-0.07615,
3.28555,Left,1,normal,0.00000,0.00000,-0.07615,
3.29028,Left,1,normal,0.00000,0.00000,-0.07615,
3.29467,Left,1,normal,0.00000,0.00000,-0.07615,
3.29907,Left,1,normal,0.00000,0.00000,-0.07615,
3.30439,Left,1,normal,0.00000,0.00000,-0.07615,
3.30919,Left,1,normal,0.00000,0.00000,-0.07615,
3.31349,Left,1,normal,0.00000,0.00000,-0.07615,
3.31781,Left,1,normal,0.00000,0.00000,-0.07615,
3.32222,Left,1,normal,0.00000,0.00000,-0.07615,
3.32646,Left,1,normal,0.00000,0.00000,-0.07615,
3.33126,Left,1,normal,0.00000,0.00000,-0.07615,
3.34488,Left,1,normal,0.00000,0.00000,-0.07615,
3.34981,Left,1,normal,0.00000,0.00000,-0.07615,
3.35408,Left,1,normal,0.00000,0.00000,-0.07615,
3.35849,Left,1,normal,0.00000,0.00000,-0.07615,
3.36290,Left,1,normal,0.00000,0.00000,-0.07615,
3.36766,Left,1,normal,0.00000,0.00000,-0.07615,
3.37200,Left,1,normal,0.00000,0.00000,-0.07615,
3.37622,Left,1,normal,0.00000,0.00000,-0.07615,
3.38059,Left,1,normal,0.00000,0.00000,-0.07615,
3.38498,Left,1,normal,0.00000,0.00000,-0.07615,
3.38981,Left,1,normal,0.00000,0.00000,-0.07615,
3.39419,Left,1,normal,0.00000,0.00000,-0.07615,
3.39847,Left,1,normal,0.00000,0.00000,-0.07615,
3.40299,Left,1,normal,0.00000,0.00000,-0.07615,
3.40767,Left,1,normal,0.00000,0.00000,-0.07615,
3.41198,Left,1,normal,0.00000,0.00000,-0.07615,
3.42480,Left,1,normal,0.00000,0.00000,-0.07615,
3.43016,Left,1,normal,0.00000,0.00000,-0.07615,
3.43509,Left,1,normal,0.00000,0.00000,-0.07615,
3.43966,Left,1,normal,0.00000,0.00000,-0.07615,
3.44401,Left,1,normal,0.00000,0.00000,-0.07615,
3.44887,Left,1,normal,0.00000,0.00000,-0.07615,
3.45318,Left,1,normal,0.00000,0.00000,-0.07615,
3.45744,Left,1,normal,0.00000,0.00000,-0.07615,
3.46178,Left,1,normal,0.00000,0.00000,-0.07615,
3.46592,Left,1,normal,0.00000,0.00000,-0.07615,
3.47061,Left,1,normal,0.00000,0.00000,-0.07615,
3.47496,Left,1,normal,0.00000,0.00000,-0.07615,
3.47929,Left,1,normal,0.00000,0.00000,-0.07615,
3.48375,Left,1,normal,0.00000,0.00000,-0.07615,
3.49761,Left,1,normal,0.00000,0.00000,-0.07615,
3.50208,Left,1,normal,0.00000,0.00000,-0.07615,
3.50748,Left,1,normal,0.00000,0.00000,-0.07615,
3.51218,Left,1,normal,0.00000,0.00000,-0.07615,
3.51647,Left,1,normal,0.00000,0.00000,-0.07615,
3.52077,Left,1,normal,0.00000,0.00000,-0.07615,
3.52514,Left,1,normal,0.00000,0.00000,-0.07615,
3.52988,Left,1,normal,0.00000,0.00000,-0.07615,
3.53406,Left,1,normal,0.00000,0.00000,-0.07615,
3.53829,Left,1,normal,0.00000,0.00000,-0.07615,
3.54267,Left,1,normal,0.00000,0.00000,-0.07615,
3.54737,Left,1,normal,0.00000,0.00000,-0.07615,
3.55163,Left,1,normal,0.00000,0.00000,-0.07615,
3.55587,Left,1,normal,0.00000,0.00000,-0.07615,
3.56008,Left,1,normal,0.00000,0.00000,-0.07615,
3.56439,Left,1,normal,0.00000,0.00000,-0.07615,
3.56906,Left,1,normal,0.00000,0.00000,-0.07615,
3.57329,Left,1,normal,0.00000,0.00000,-0.07615,
3.57760,Left,1,normal,0.00000,0.00000,-0.07615,
3.58182,Left,1,normal,0.00000,0.00000,-0.07615,
3.58608,Left,1,normal,0.00000,0.00000,-0.07615,
3.59098,Left,1,normal,0.00000,0.00000,-0.07615,
3.59515,Left,1,normal,0.00000,0.00000,-0.07615,
3.59937,Left,1,normal,0.00000,0.00000,-0.07615,
3.60361,Left,1,normal,0.00000,0.00000,-0.07615,
3.60838,Left,1,normal,0.00000,0.00000,-0.07615,
3.61268,Left,1,normal,0.00000,0.00000,-0.07615,
3.61690,Left,1,normal,0.00000,0.00000,-0.07615,
3.62107,Left,1,normal,0.00000,0.00000,-0.07615,
3.62526,Left,1,normal,0.00000,0.00000,-0.07615,
3.62990,Left,1,normal,0.00000,0.00000,-0.07615,
3.63422,Left,1,normal,0.00000,0.00000,-0.07615,
3.64725,Left,1,normal,0.00000,0.00000,-0.07615,
3.65201,Left,1,normal,0.00000,0.00000,-0.07615,
3.65619,Left,1,normal,0.00000,0.00000,-0.07615,
3.66042,Left,1,normal,0.00000,0.00000,-0.07615,
3.66467,Left,1,normal,0.00000,0.00000,-0.07615,
3.66938,Left,1,normal,0.00000,0.00000,-0.07615,
3.67362,Left,1,normal,0.00000,0.00000,-0.07615,
3.68575,Left,1,normal,0.00000,0.00000,-0.07615,
3.69110,Left,1,normal,0.00000,0.00000,-0.07615,
3.69556,Left,1,normal,0.00000,0.00000,-0.07615,
3.69992,Left,1,normal,0.00000,0.00000,-0.07615,
3.70431,Left,1,normal,0.00000,0.00000,-0.07615,
3.71029,Left,1,normal,0.00000,0.00000,-0.07615,
3.71467,Left,1,normal,0.00000,0.00000,-0.07615,
3.71898,Left,1,normal,0.00000,0.00000,-0.07615,
3.72345,Left,1,normal,0.00000,0.00000,-0.07615,
3.72820,Left,1,normal,0.00000,0.00000,-0.07615,
3.73260,Left,1,normal,0.00000,0.00000,-0.07615,
3.73700,Left,1,normal,0.00000,0.00000,-0.07615,
3.74152,Left,1,normal,0.00000,0.00000,-0.08102,
3.74638,Left,1,normal,0.00000,0.00000,-0.08636,
3.75173,Left,1,normal,0.00000,0.00000,-0.09115,
3.75651,Left,1,normal,0.00000,0.00000,-0.10527,
3.77063,Left,1,normal,0.00000,0.00000,-0.11917,
3.78453,Left,1,normal,0.00000,0.00000,-0.13416,
3.79952,Left,1,normal,0.00000,0.00000,-0.14757,
3.81293,Left,1,normal,0.00000,0.00000,-0.16165,
3.82701,Left,1,normal,0.00000,0.00000,-0.17674,
3.84211,Left,1,normal,0.00000,0.00000,-0.19036,
3.85572,Left,1,normal,0.00000,0.00000,-0.20547,
3.87083,Left,1,normal,0.00000,0.00000,-0.21960,
3.88496,Left,1,normal,0.00000,0.00000,-0.21960,
3.89985,Left,1,normal,0.00000,0.00000,-0.21960,
3.91288,Left,1,normal,0.00000,0.00000,-0.21960,
3.92816,Left,1,normal,0.00000,0.00000,-0.21960,
3.94252,Left,1,normal,0.00000,0.00000,-0.21960,
3.95582,Left,1,normal,0.00000,0.00000,-0.21960,
3.96058,Left,1,normal,0.00000,0.00000,-0.21960,
3.96500,Left,1,normal,0.00000,0.00000,-0.21960,
3.96993,Left,1,normal,0.00000,0.00000,-0.21960,
3.97437,Left,1,normal,0.00000,0.00000,-0.21960,
3.97881,Left,1,normal,0.00000,0.00000,-0.21960,
3.98311,Left,1,normal,0.00000,0.00000,-0.21960,
3.98788,Left,1,normal,0.00000,0.00000,-0.21960,
3.99891,Left,1,normal,0.00000,0.00000,-0.21960,
4.00742,Left,1,normal,0.00000,0.00000,-0.21960,
4.01840,Left,1,normal,0.00000,0.00000,-0.21960,
4.02368,Left,1,normal,0.00000,0.00000,-0.21960,
4.02849,Left,1,normal,0.00000,0.00000,-0.21960,
4.03292,Left,1,normal,0.00000,0.00000,-0.21960,
4.03738,Left,1,normal,0.00000,0.00000,-0.21960,
4.04171,Left,1,normal,0.00000,0.00000,-0.21960,
4.04607,Left,1,normal,0.00000,0.00000,-0.21960,
4.05078,Left,1,normal,0.00000,0.00000,-0.21960,
4.05509,Left,1,normal,0.00000,0.00000,-0.21960,
4.05932,Left,1,normal,0.00000,0.00000,-0.21960,
4.06370,Left,1,normal,0.00000,0.00000,-0.21960,
4.06839,Left,1,normal,0.00000,0.00000,-0.21960,
4.07257,Left,1,normal,0.00000,0.00000,-0.21960,
4.07680,Left,1,normal,0.00000,0.00000,-0.21960,
4.08099,Left,1,normal,0.00000,0.00000,-0.21960,
4.08518,Left,1,normal,0.00000,0.00000,-0.21960,
4.08988,Left,1,normal,0.00000,0.00000,-0.21960,
4.09419,Left,1,normal,0.00000,0.00000,-0.21960,
4.10740,Left,1,normal,0.00000,0.00000,-0.21960,
4.11258,Left,1,normal,0.00000,0.00000,-0.21960,
4.11695,Left,1,normal,0.00000,0.00000,-0.21960,
4.12230,Left,1,normal,0.00000,0.00000,-0.21960,
4.12671,Left,1,normal,0.00000,0.00000,-0.21960,
4.13159,Left,1,normal,0.00000,0.00000,-0.21960,
4.13592,Left,1,normal,0.00000,0.00000,-0.21960,
4.14042,Left,1,normal,0.00000,0.00000,-0.21960,
4.14467,Left,1,normal,0.00000,0.00000,-0.21960,
4.14945,Left,1,normal,0.00000,0.00000,-0.21960,
4.15387,Left,1,normal,0.00000,0.00000,-0.21960,
4.15813,Left,1,normal,0.00000,0.00000,-0.21960,
4.16248,Left,1,normal,0.00000,0.00000,-0.21960,
4.16718,Left,1,normal,0.00000,0.00000,-0.21960,
4.17136,Left,1,normal,0.00000,0.00000,-0.21960,
4.17555,Left,1,normal,0.00000,0.00000,-0.21960,
4.18009,Left,1,normal,0.00000,0.00000,-0.21960,
4.18429,Left,1,normal,0.00000,0.00000,-0.21960,
4.18940,Left,1,normal,0.00000,0.00000,-0.21960,
4.19382,Left,1,normal,0.00000,0.00000,-0.21960,
4.19806,Left,1,normal,0.00000,0.00000,-0.21960,
4.20238,Left,1,normal,0.00000,0.00000,-0.21960,
4.20733,Left,1,normal,0.00000,0.00000,-0.21960,
4.21169,Left,1,normal,0.00000,0.00000,-0.21960,
4.21604,Left,1,normal,0.00000,0.00000,-0.21960,
4.22771,Left,1,normal,0.00000,0.00000,-0.21960,
4.23300,Left,1,normal,0.00000,0.00000,-0.21960,
4.23737,Left,1,normal,0.00000,0.00000,-0.21960,
4.24158,Left,1,normal,0.00000,0.00000,-0.21960,
4.24597,Left,1,normal,0.00000,0.00000,-0.21960,
4.25968,Left,1,normal,0.00000,0.00000,-0.21960,
4.26407,Left,1,normal,0.00000,0.00000,-0.21960,
4.26881,Left,1,normal,0.00000,0.00000,-0.21960,
4.27311,Left,1,normal,0.00000,0.00000,-0.21960,
4.27758,Left,1,normal,0.00000,0.00000,-0.21960,
4.28188,Left,1,normal,0.00000,0.00000,-0.21960,
4.28620,Left,1,normal,0.00000,0.00000,-0.21960,
4.29091,Left,1,normal,0.00000,0.00000,-0.21960,
4.29507,Left,1,normal,0.00000,0.00000,-0.21960,
4.29932,Left,1,normal,0.00000,0.00000,-0.21960,
4.30358,Left,1,normal,0.00000,0.00000,-0.21960,
4.30826,Left,1,normal,0.00000,0.00000,-0.21960,
4.31261,Left,1,normal,0.00000,0.00000,-0.21960,
4.31697,Left,1,normal,0.00000,0.00000,-0.21960,
4.32248,Left,1,normal,0.00000,0.00000,-0.21960,
4.32742,Left,1,normal,0.00000,0.00000,-0.21960,
4.33191,Left,1,normal,0.00000,0.00000,-0.21960,
4.33617,Left,1,normal,0.00000,0.00000,-0.21960,
4.34048,Left,1,normal,0.00000,0.00000,-0.21960,
4.34488,Left,1,normal,0.00000,0.00000,-0.21960,
4.34975,Left,1,normal,0.00000,0.00000,-0.21960,
4.35401,Left,1,normal,0.00000,0.00000,-0.21960,
4.35831,Left,1,normal,0.00000,0.00000,-0.21960,
4.36278,Left,1,normal,0.00000,0.00000,-0.21960,
4.36748,Left,1,normal,0.00000,0.00000,-0.21960,
4.37178,Left,1,normal,0.00000,0.00000,-0.21960,
4.37619,Left,1,normal,0.00000,0.00000,-0.21960,
4.38040,Left,1,normal,0.00000,0.00000,-0.21960,
4.38462,Left,1,normal,0.00000,0.00000,-0.21960,
4.39028,Left,1,normal,0.00000,0.00000,-0.21960,
4.39459,Left,1,normal,0.00000,0.00000,-0.21960,
4.39888,Left,1,normal,0.00000,0.00000,-0.20566,
4.41282,Left,1,normal,0.00000,0.00000,-0.20010,
4.41838,Left,1,normal,0.00000,0.00000,-0.18681,
4.43167,Left,1,normal,0.00000,0.00000,-0.17275,
4.44573,Left,1,normal,0.00000,0.00000,-0.15751,
4.46097,Left,1,normal,0.00000,0.00000,-0.13509,
4.48339,Left,1,normal,0.00000,0.00000,-0.11803,
4.50045,Left,1,normal,0.00000,0.00000,-0.10386,
4.51462,Left,1,normal,0.00000,0.00000,-0.08840,
4.53008,Left,1,normal,0.00000,0.00000,-0.07288,
4.54560,Left,1,normal,0.00000,0.00000,-0.05706,
4.56142,Left,1,normal,0.00000,0.00000,-0.04304,
4.57544,Left,1,normal,0.00000,0.00000,-0.02762,
4.59086,Left,1,normal,0.00000,0.00000,-0.01280,
4.60567,Left,1,normal,0.00000,0.00000,0.00277,
4.62125,Left,1,normal,0.00000,0.00000,0.01687,
4.63535,Left,1,normal,0.00000,0.00000,0.03306,
4.65154,Left,1,normal,0.00000,0.00000,0.04706,
4.66554,Left,1,normal,0.00000,0.00000,0.06428,
4.68276,Left,1,normal,0.00000,0.00000,0.06428,
4.69810,Left,1,normal,0.00000,0.00000,0.06428,
4.71224,Left,1,normal,0.00000,0.00000,0.06428,
4.72532,Left,1,normal,0.00000,0.00000,0.06428,
4.73060,Left,1,normal,0.00000,0.00000,0.06428,
4.73645,Left,1,normal,0.00000,0.00000,0.06428,
4.74108,Left,1,normal,0.00000,0.00000,0.06428,
4.74577,Left,1,normal,0.00000,0.00000,0.06428,
4.75376,Left,1,normal,0.00000,0.00000,0.06428,
4.77103,Left,1,normal,0.00000,0.00000,0.06428,
4.78184,Left,1,normal,0.00000,0.00000,0.06428,
4.79261,Left,1,normal,0.00000,0.00000,0.06428,
4.79788,Left,1,normal,0.00000,0.00000,0.06428,
4.80221,Left,1,normal,0.00000,0.00000,0.06428,
4.80662,Left,1,normal,0.00000,0.00000,0.06428,
4.81148,Left,1,normal,0.00000,0.00000,0.06428,
4.81602,Left,1,normal,0.00000,0.00000,0.06428,
4.82042,Left,1,normal,0.00000,0.00000,0.06428,
4.82480,Left,1,normal,0.00000,0.00000,0.06428,
4.82959,Left,1,normal,0.00000,0.00000,0.06428,
4.83404,Left,1,normal,0.00000,0.00000,0.06428,
4.83857,Left,1,normal,0.00000,0.00000,0.06428,
4.84298,Left,1,normal,0.00000,0.00000,0.06428,
4.84778,Left,1,normal,0.00000,0.00000,0.06428,
4.85199,Left,1,normal,0.00000,0.00000,0.06428,
4.85635,Left,1,normal,0.00000,0.00000,0.06428,
4.86060,Left,1,normal,0.00000,0.00000,0.06428,
4.86522,Left,1,normal,0.00000,0.00000,0.06428,
4.87977,Left,1,normal,0.00000,0.00000,0.06428,
4.88438,Left,1,normal,0.00000,0.00000,0.06428,
4.88929,Left,1,normal,0.00000,0.00000,0.06428,
4.89368,Left,1,normal,0.00000,0.00000,0.06428,
4.89806,Left,1,normal,0.00000,0.00000,0.06428,
4.90226,Left,1,normal,0.00000,0.00000,0.06428,
4.90682,Left,1,normal,0.00000,0.00000,0.06428,
4.91157,Left,1,normal,0.00000,0.00000,0.06428,
4.91585,Left,1,normal,0.00000,0.00000,0.06428,
4.92031,Left,1,normal,0.00000,0.00000,0.06428,
4.92473,Left,1,normal,0.00000,0.00000,0.06428,
4.92948,Left,1,normal,0.00000,0.00000,0.06428,
4.93377,Left,1,normal,0.00000,0.00000,0.05822,
4.93983,Left,1,normal,0.00000,0.00000,0.05336,
4.94470,Left,1,normal,0.00000,0.00000,0.04779,
4.95026,Left,1,normal,0.00000,0.00000,0.03382,
4.96423,Left,1,normal,0.00000,0.00000,0.01974,
4.97831,Left,1,normal,0.00000,0.00000,0.00475,
4.99330,Left,1,normal,0.00000,0.00000,-0.00987,
5.00793,Left,1,normal,0.00000,0.00000,-0.03451,
5.03256,Left,1,normal,0.00000,0.00000,-0.04998,
5.04804,Left,1,normal,0.00000,0.00000,-0.06579,
5.06384,Left,1,normal,0.00000,0.00000,-0.08070,
5.07875,Left,1,normal,0.00000,0.00000,-0.09601,
5.09406,Left,1,normal,0.00000,0.00000,-0.11113,
5.10918,Left,1,normal,0.00000,0.00000,-0.12702,
5.12507,Left,1,normal,0.00000,0.00000,-0.14220,
5.14025,Left,1,normal,0.00000,0.00000,-0.15863,
5.15668,Left,1,normal,0.00000,0.00000,-0.17538,
5.17343,Left,1,normal,0.00000,0.00000,-0.19136,
5.18941,Left,1,normal,0.00000,0.00000,-0.20619,
5.20424,Left,1,normal,0.00000,0.00000,-0.22189,
5.21994,Left,1,normal,0.00000,0.00000,-0.23619,
5.23424,Left,1,normal,0.00000,0.00000,-0.25179,
5.24984,Left,1,normal,0.00000,0.00000,-0.26677,
5.26482,Left,1,normal,0.00000,0.00000,-0.28250,
5.28055,Left,1,normal,0.00000,0.00000,-0.29687,
5.29492,Left,1,normal,0.00000,0.00000,-0.31299,
5.31105,Left,1,normal,0.00000,0.00000,-0.33407,
5.33212,Left,1,normal,0.00000,0.00000,-0.35720,
5.35526,Left,1,normal,0.00000,0.00000,-0.37368,
5.37173,Left,1,normal,0.00000,0.00000,-0.39148,
5.38953,Left,1,normal,0.00000,0.00000,-0.40651,
5.40456,Left,1,normal,0.00000,0.00000,-0.40651,
5.42048,Left,1,normal,0.00000,0.00000,-0.40651,
5.43377,Left,1,normal,0.00000,0.00000,-0.40651,
5.44810,Left,1,normal,0.00000,0.00000,-0.40651,
5.46184,Left,1,normal,0.00000,0.00000,-0.40651,
5.46658,Left,1,normal,0.00000,0.00000,-0.40651,
5.47168,Left,1,normal,0.00000,0.00000,-0.40651,
5.47610,Left,1,normal,0.00000,0.00000,-0.40651,
5.48059,Left,1,normal,0.00000,0.00000,-0.40651,
5.48510,Left,1,normal,0.00000,0.00000,-0.40651,
5.49021,Left,1,normal,0.00000,0.00000,-0.40651,
5.49459,Left,1,normal,0.00000,0.00000,-0.40651,
5.49900,Left,1,normal,0.00000,0.00000,-0.40651,
5.50332,Left,1,normal,0.00000,0.00000,-0.40651,
5.50824,Left,1,normal,0.00000,0.00000,-0.40651,
5.52115,Left,1,normal,0.00000,0.00000,-0.40651,
5.52562,Left,1,normal,0.00000,0.00000,-0.40651,
5.53038,Left,1,normal,0.00000,0.00000,-0.40651,
5.53473,Left,1,normal,0.00000,0.00000,-0.40651,
5.53918,Left,1,normal,0.00000,0.00000,-0.40176,
5.54394,Left,1,normal,0.00000,0.00000,-0.39638,
5.54931,Left,1,normal,0.00000,0.00000,-0.39152,
5.55418,Left,1,normal,0.00000,0.00000,-0.37709,
5.56861,Left,1,normal,0.00000,0.00000,-0.36135,
5.58434,Left,1,normal,0.00000,0.00000,-0.33922,
5.60647,Left,1,normal,0.00000,0.00000,-0.31864,
5.62705,Left,1,normal,0.00000,0.00000,-0.30241,
5.64328,Left,1,normal,0.00000,0.00000,-0.28668,
5.65901,Left,1,normal,0.00000,0.00000,-0.26882,
5.67688,Left,1,normal,0.00000,0.00000,-0.25156,
5.69414,Left,1,normal,0.00000,0.00000,-0.23620,
5.70950,Left,1,normal,0.00000,0.00000,-0.21983,
5.72586,Left,1,normal,0.00000,0.00000,-0.20442,
5.74127,Left,1,normal,0.00000,0.00000,-0.18885,
5.75685,Left,1,normal,0.00000,0.00000,-0.17345,
5.77225,Left,1,normal,0.00000,0.00000,-0.15612,
5.78957,Left,1,normal,0.00000,0.00000,-0.14107,
5.80462,Left,1,normal,0.00000,0.00000,-0.12377,
5.82193,Left,1,normal,0.00000,0.00000,-0.10956,
5.83614,Left,1,normal,0.00000,0.00000,-0.09380,
5.85189,Left,1,normal,0.00000,0.00000,-0.07896,
5.86673,Left,1,normal,0.00000,0.00000,-0.06302,
5.88267,Left,1,normal,0.00000,0.00000,-0.04532,
5.90037,Left,1,normal,0.00000,0.00000,-0.02936,
5.91634,Left,1,normal,0.00000,0.00000,-0.00790,
5.93779,Left,1,normal,0.00000,0.00000,0.01840,
5.96409,Left,1,normal,0.00000,0.00000,0.03494,
5.98063,Left,1,normal,0.00000,0.00000,0.03494,
5.99828,Left,1,normal,0.00000,0.00000,0.03494,
6.01266,Left,1,normal,0.00000,0.00000,0.03494,
6.01789,Left,1,normal,0.00000,0.00000,0.03494,
6.02361,Left,1,normal,0.00000,0.00000,0.03494,
6.02848,Left,1,normal,0.00000,0.00000,0.03494,
6.03299,Left,1,normal,0.00000,0.00000,0.03494,
6.03762,Left,1,normal,0.00000,0.00000,0.03494,
6.04212,Left,1,normal,0.00000,0.00000,0.03494,
6.04658,Left,1,normal,0.00000,0.00000,0.03494,
6.05140,Left,1,normal,0.00000,0.00000,0.03494,
6.05588,Left,1,normal,0.00000,0.00000,0.03494,
6.06037,Left,1,normal,0.00000,0.00000,0.03494,
6.06480,Left,1,normal,0.00000,0.00000,0.03494,
6.06970,Left,1,normal,0.00000,0.00000,0.03494,
6.07415,Left,1,normal,0.00000,0.00000,0.03494,
6.07839,Left,1,normal,0.00000,0.00000,0.03494,
6.08268,Left,1,normal,0.00000,0.00000,0.03494,
6.08756,Left,1,normal,0.00000,0.00000,0.03494,
6.09200,Left,1,normal,0.00000,0.00000,0.03494,
6.09646,Left,1,normal,0.00000,0.00000,0.03494,
6.10076,Left,1,normal,0.00000,0.00000,0.03494,
6.10512,Left,1,normal,0.00000,0.00000,0.03494,
6.10981,Left,1,normal,0.00000,0.00000,0.03494,
6.11416,Left,1,normal,0.00000,0.00000,0.03494,
6.11847,Left,1,normal,0.00000,0.00000,0.03494,
6.12268,Left,1,normal,0.00000,0.00000,0.03494,
6.12737,Left,1,normal,0.00000,0.00000,0.03494,
6.13182,Left,1,normal,0.00000,0.00000,0.03494,
6.14550,Left,1,normal,0.00000,0.00000,0.03494,
6.15031,Left,1,normal,0.00000,0.00000,0.03494,
6.15460,Left,1,normal,0.00000,0.00000,0.03494,
6.15883,Left,1,normal,0.00000,0.00000,0.03494,
6.16309,Left,1,normal,0.00000,0.00000,0.03494,
6.16800,Left,1,normal,0.00000,0.00000,0.03494,
6.17230,Left,1,normal,0.00000,0.00000,0.03494,
6.17658,Left,1,normal,0.00000,0.00000,0.03494,
6.18100,Left,1,normal,0.00000,0.00000,0.03494,
6.18648,Left,1,normal,0.00000,0.00000,0.03494,
6.19128,Left,1,normal,0.00000,0.00000,0.03494,
6.19569,Left,1,normal,0.00000,0.00000,0.03494,
6.19994,Left,1,normal,0.00000,0.00000,0.03494,
6.20415,Left,1,normal,0.00000,0.00000,0.03494,
6.21806,Left,1,normal,0.00000,0.00000,0.03494,
6.22323,Left,1,normal,0.00000,0.00000,0.03494,
6.22808,Left,1,normal,0.00000,0.00000,0.03494,
6.23249,Left,1,normal,0.00000,0.00000,0.03494,
6.23699,Left,1,normal,0.00000,0.00000,0.03494,
6.24130,Left,1,normal,0.00000,0.00000,0.03494,
6.24555,Left,1,normal,0.00000,0.00000,0.03494,
6.25075,Left,1,normal,0.00000,0.00000,0.03494,
6.25508,Left,1,normal,0.00000,0.00000,0.03494,
6.25937,Left,1,normal,0.00000,0.00000,0.03494,
6.26381,Left,1,normal,0.00000,0.00000,0.03494,
6.26911,Left,1,normal,0.00000,0.00000,0.03494,
6.27340,Left,1,normal,0.00000,0.00000,0.03494,
6.27779,Left,1,normal,0.00000,0.00000,0.03494,
6.28468,Left,1,normal,0.00000,0.00000,0.03494,
6.29860,Left,1,normal,0.00000,0.00000,0.03494,
6.30339,Left,1,normal,0.00000,0.00000,0.03494,
6.30827,Left,1,normal,0.00000,0.00000,0.03494,
6.31271,Left,1,normal,0.00000,0.00000,0.03494,
6.31703,Left,1,normal,0.00000,0.00000,0.03494,
6.32127,Left,1,normal,0.00000,0.00000,0.03494,
6.32549,Left,1,normal,0.00000,0.00000,0.03494,
6.33030,Left,1,normal,0.00000,0.00000,0.03494,
6.33459,Left,1,normal,0.00000,0.00000,0.03494,
6.33899,Left,1,normal,0.00000,0.00000,0.03494,
6.34337,Left,1,normal,0.00000,0.00000,0.03494,
6.34819,Left,1,normal,0.00000,0.00000,0.03494,
6.35260,Left,1,normal,0.00000,0.00000,0.03494,
6.35681,Left,1,normal,0.00000,0.00000,0.03494,
6.36118,Left,1,normal,0.00000,0.00000,0.03494,
6.36545,Left,1,normal,0.00000,0.00000,0.03494,
6.37029,Left,1,normal,0.00000,0.00000,0.03494,
6.37467,Left,1,normal,0.00000,0.00000,0.03494,
6.37892,Left,1,normal,0.00000,0.00000,0.03494,
6.38378,Left,1,normal,0.00000,0.00000,0.03494,
6.38982,Left,1,normal,0.00000,0.00000,0.03494,
6.39429,Left,1,normal,0.00000,0.00000,0.03494,
6.39861,Left,1,normal,0.00000,0.00000,0.03494,
6.40301,Left,1,normal,0.00000,0.00000,0.03494,
6.40778,Left,1,normal,0.00000,0.00000,0.03494,
6.41228,Left,1,normal,0.00000,0.00000,0.03494,
6.41664,Left,1,normal,0.00000,0.00000,0.03494,
6.42100,Left,1,normal,0.00000,0.00000,0.03494,
6.42534,Left,1,normal,0.00000,0.00000,0.03494,
6.43000,Left,1,normal,0.00000,0.00000,0.03494,
6.43434,Left,1,normal,0.00000,0.00000,0.03494,
6.43876,Left,1,normal,0.00000,0.00000,0.03494,
6.45243,Left,1,normal,0.00000,0.00000,0.03494,
6.45768,Left,1,normal,0.00000,0.00000,0.03494,
6.46205,Left,1,normal,0.00000,0.00000,0.03494,
6.46643,Left,1,normal,0.00000,0.00000,0.03494,
6.47141,Left,1,normal,0.00000,0.00000,0.03494,
6.47579,Left,1,normal,0.00000,0.00000,0.03494,
6.48020,Left,1,normal,0.00000,0.00000,0.03494,
6.48454,Left,1,normal,0.00000,0.00000,0.03494,
6.48919,Left,1,normal,0.00000,0.00000,0.03494,
6.49342,Left,1,normal,0.00000,0.00000,0.03494,
6.49768,Left,1,normal,0.00000,0.00000,0.03494,
6.50210,Left,1,normal,0.00000,0.00000,0.03494,
6.50649,Left,1,normal,0.00000,0.00000,0.03494,
6.51118,Left,1,normal,0.00000,0.00000,0.03494,
6.51793,Left,1,normal,0.00000,0.00000,0.03494,
6.53057,Left,1,normal,0.00000,0.00000,0.03494,
6.53581,Left,1,normal,0.00000,0.00000,0.03494,
6.54027,Left,1,normal,0.00000,0.00000,0.03494,
6.54459,Left,1,normal,0.00000,0.00000,0.03494,
6.54928,Left,1,normal,0.00000,0.00000,0.03494,
6.55356,Left,1,normal,0.00000,0.00000,0.03494,
6.55778,Left,1,normal,0.00000,0.00000,0.03494,
6.56229,Left,1,normal,0.00000,0.00000,0.03494,
6.56667,Left,1,normal,0.00000,0.00000,0.03494,
6.57138,Left,1,normal,0.00000,0.00000,0.03494,
6.57616,Left,1,normal,0.00000,0.00000,0.03494,
6.58040,Left,1,normal,0.00000,0.00000,0.03494,
6.58488,Left,1,normal,0.00000,0.00000,0.03494,
6.59100,Left,1,normal,0.00000,0.00000,0.03494,
6.60401,Left,1,normal,0.00000,0.00000,0.03494,
6.60890,Left,1,normal,0.00000,0.00000,0.03494,
6.61317,Left,1,normal,0.00000,0.00000,0.03494,
6.61745,Left,1,normal,0.00000,0.00000,0.03494,
6.62186,Left,1,normal,0.00000,0.00000,0.03494,
6.62609,Left,1,normal,0.00000,0.00000,0.03494,
6.63083,Left,1,normal,0.00000,0.00000,0.03494,
6.63524,Left,1,normal,0.00000,0.00000,0.03494,
6.64047,Left,1,normal,0.00000,0.00000,0.03494,
6.64478,Left,1,normal,0.00000,0.00000,0.03494,
6.64954,Left,1,normal,0.00000,0.00000,0.03494,
6.65380,Left,1,normal,0.00000,0.00000,0.03494,
6.65819,Left,1,normal,0.00000,0.00000,0.03494,
6.66258,Left,1,normal,0.00000,0.00000,0.03494,
6.66722,Left,1,normal,0.00000,0.00000,0.03494,
6.67149,Left,1,normal,0.00000,0.00000,0.03494,
6.67575,Left,1,normal,0.00000,0.00000,0.03494,
6.67987,Left,1,normal,0.00000,0.00000,0.03494,
6.68414,Left,1,normal,0.00000,0.00000,0.03494,
6.68897,Left,1,normal,0.00000,0.00000,0.03494,
6.69336,Left,1,normal,0.00000,0.00000,0.03494,
6.69780,Left,1,normal,0.00000,0.00000,0.03494,
6.70210,Left,1,normal,0.00000,0.00000,0.03494,
6.70648,Left,1,normal,0.00000,0.00000,0.03494,
6.71216,Left,2,normal,0.00000,0.00000,0.03494,
6.71910,Left,2,normal,0.00000,0.00000,0.03494,
6.72442,Left,2,normal,0.00000,0.00000,0.03494,
6.72970,Left,2,normal,0.00000,0.00000,0.03494,
6.73432,Left,2,normal,0.00000,0.00000,0.03494,
6.73923,Left,2,normal,0.00000,0.00000,0.03494,
6.74404,Left,2,normal,0.00000,0.00000,0.03494,
6.74968,Left,2,normal,0.00000,0.00000,0.03494,
6.75462,Left,2,normal,0.00000,0.00000,0.03494,
6.75942,Left,2,normal,0.00000,0.00000,0.03494,
6.76430,Left,2,normal,0.00000,0.00000,0.03494,
6.76976,Left,2,normal,0.00000,0.00000,0.03494,
6.77457,Left,2,normal,0.00000,0.00000,0.03494,
6.77935,Left,2,normal,0.00000,0.00000,0.03494,
6.78424,Left,2,normal,0.00000,0.00000,0.03494,
6.79091,Left,2,normal,0.00000,0.00000,0.03494,
6.79574,Left,2,normal,0.00000,0.00000,0.03494,
6.80064,Left,2,normal,0.00000,0.00000,0.03494,
6.80597,Left,2,normal,0.00000,0.00000,0.03494,
6.81083,Left,2,normal,0.00000,0.00000,0.03494,
6.81564,Left,2,normal,0.00000,0.00000,0.03494,
6.82064,Left,2,normal,0.00000,0.00000,0.03494,
6.82592,Left,2,normal,0.00000,0.00000,0.03494,
6.83116,Left,2,normal,0.00000,0.00000,0.03494,
6.83613,Left,2,normal,0.00000,0.00000,0.03494,
6.84116,Left,2,normal,0.00000,0.00000,0.03494,
6.84630,Left,2,normal,0.00000,0.00000,0.03494,
6.85150,Left,2,normal,0.00000,0.00000,0.03494,
6.86640,Left,2,normal,0.00000,0.00000,0.03494,
6.87294,Left,2,normal,0.00000,0.00000,0.03494,
6.87736,Left,2,normal,0.00000,0.00000,0.03494,
6.88174,Left,2,normal,0.00000,0.00000,0.03494,
6.88671,Left,2,normal,0.00000,0.00000,0.03494,
6.89096,Left,2,normal,0.00000,0.00000,0.03494,
6.89524,Left,2,normal,0.00000,0.00000,0.03494,
6.89993,Left,2,normal,0.00000,0.00000,0.03494,
6.90491,Left,2,normal,0.00000,0.00000,0.03494,
6.90926,Left,2,normal,0.00000,0.00000,0.03494,
6.91357,Left,2,normal,0.00000,0.00000,0.03494,
6.91801,Left,2,normal,0.00000,0.00000,0.03494,
6.92243,Left,2,normal,0.00000,0.00000,0.03494,
6.92730,Left,2,normal,0.00000,0.00000,0.03494,
6.93185,Left,2,normal,0.00000,0.00000,0.03494,
6.93637,Left,2,normal,0.00000,0.00000,0.03494,
6.94712,Left,2,normal,0.00000,0.00000,0.03494,
6.95641,Left,2,normal,0.00000,0.00000,0.03494,
6.96537,Left,2,normal,0.00000,0.00000,0.03494,
6.97326,Left,2,normal,0.00000,0.00000,0.03494,
6.97767,Left,2,normal,0.00000,0.00000,0.03494,
6.98202,Left,2,normal,0.00000,0.00000,0.03494,
6.98692,Left,2,normal,0.00000,0.00000,0.03494,
6.99274,Left,2,normal,0.00000,0.00000,0.03494,
6.99716,Left,2,normal,0.00000,0.00000,0.03494,
7.00172,Left,2,normal,0.00000,0.00000,0.03494,
7.01559,Left,2,normal,0.00000,0.00000,0.03494,
7.02014,Left,2,normal,0.00000,0.00000,0.03494,
7.02504,Left,2,normal,0.00000,0.00000,0.03494,
7.02948,Left,2,normal,0.00000,0.00000,0.03494,
7.03376,Left,2,normal,0.00000,0.00000,0.03494,
7.03824,Left,2,normal,0.00000,0.00000,0.03494,
7.04257,Left,2,normal,0.00000,0.00000,0.03494,
7.04758,Left,2,normal,0.00000,0.00000,0.03494,
7.05187,Left,2,normal,0.00000,0.00000,0.03494,
7.05625,Left,2,normal,0.00000,0.00000,0.03494,
7.06064,Left,2,normal,0.00000,0.00000,0.03494,
7.06554,Left,2,normal,0.00000,0.00000,0.03494,
7.06996,Left,2,normal,0.00000,0.00000,0.03494,
7.07423,Left,2,normal,0.00000,0.00000,0.03494,
7.08037,Left,2,normal,0.00000,0.00000,0.03494,
7.08536,Left,2,normal,0.00000,0.00000,0.03494,
7.09014,Left,2,normal,0.00000,0.00000,0.03494,
7.09484,Left,2,normal,0.00000,0.00000,0.03494,
7.09936,Left,2,normal,0.00000,0.00000,0.03494,
7.10382,Left,2,normal,0.00000,0.00000,0.03494,
7.10864,Left,2,normal,0.00000,0.00000,0.03494,
7.11285,Left,2,normal,0.00000,0.00000,0.03494,
7.11715,Left,2,normal,0.00000,0.00000,0.03494,
7.12150,Left,2,normal,0.00000,0.00000,0.03494,
7.12648,Left,2,normal,0.00000,0.00000,0.03494,
7.13093,Left,2,normal,0.00000,0.00000,0.03494,
7.13550,Left,2,normal,0.00000,0.00000,0.03494,
7.13994,Left,2,normal,0.00000,0.00000,0.03494,
7.14607,Left,2,normal,0.00000,0.00000,0.03494,
7.15052,Left,2,normal,0.00000,0.00000,0.03494,
7.15499,Left,2,normal,0.00000,0.00000,0.03494,
7.16820,Left,2,normal,0.00000,0.00000,0.03494,
7.17325,Left,2,normal,0.00000,0.00000,0.03494,
7.17775,Left,2,normal,0.00000,0.00000,0.03494,
7.18216,Left,2,normal,0.00000,0.00000,0.03494,
7.18750,Left,2,normal,0.00000,0.00000,0.03494,
7.20085,Left,2,normal,0.00000,0.00000,0.03494,
7.20616,Left,2,normal,0.00000,0.00000,0.03494,
7.21064,Left,2,normal,0.00000,0.00000,0.03494,
7.21502,Left,2,normal,0.00000,0.00000,0.03494,
7.21948,Left,2,normal,0.00000,0.00000,0.03494,
7.22395,Left,2,normal,0.00000,0.00000,0.03494,
7.22880,Left,2,normal,0.00000,0.00000,0.03494,
7.23337,Left,2,normal,0.00000,0.00000,0.03494,
7.23787,Left,2,normal,0.00000,0.00000,0.03494,
7.24235,Left,2,normal,0.00000,0.00000,0.03494,
7.24722,Left,2,normal,0.00000,0.00000,0.03494,
7.25157,Left,2,normal,0.00000,0.00000,0.03494,
7.25604,Left,2,normal,0.00000,0.00000,0.03494,
7.26057,Left,2,normal,0.00000,0.00000,0.03494,
7.26534,Left,2,normal,0.00000,0.00000,0.03494,
7.26985,Left,2,normal,0.00000,0.00000,0.03494,
7.27423,Left,2,normal,0.00000,0.00000,0.03494,
7.27938,Left,2,normal,0.00000,0.00000,0.03494,
7.28384,Left,2,normal,0.00000,0.00000,0.03494,
7.28860,Left,2,normal,0.00000,0.00000,0.03494,
7.29295,Left,2,normal,0.00000,0.00000,0.03494,
7.29734,Left,2,normal,0.00000,0.00000,0.03494,
7.30196,Left,2,normal,0.00000,0.00000,0.03494,
7.30693,Left,2,normal,0.00000,0.00000,0.03494,
7.32162,Left,2,normal,0.00000,0.00000,0.03494,
7.32648,Left,2,normal,0.00000,0.00000,0.03494,
7.33073,Left,2,normal,0.00000,0.00000,0.03494,
7.33511,Left,2,normal,0.00000,0.00000,0.03494,
7.34005,Left,2,normal,0.00000,0.00000,0.03494,
7.34613,Left,2,normal,0.00000,0.00000,0.03494,
7.35064,Left,2,normal,0.00000,0.00000,0.03494,
7.35506,Left,2,normal,0.00000,0.00000,0.03494,
7.35963,Left,2,normal,0.00000,0.00000,0.03494,
7.36413,Left,2,normal,0.00000,0.00000,0.03494,
7.36894,Left,2,normal,0.00000,0.00000,0.03494,
7.37336,Left,2,normal,0.00000,0.00000,0.03494,
7.37984,Left,2,normal,0.00000,0.00000,0.03494,
7.38477,Left,2,normal,0.00000,0.00000,0.03494,
7.38914,Left,2,normal,0.00000,0.00000,0.03494,
7.39474,Left,2,normal,0.00000,0.00000,0.03494,
7.39938,Left,2,normal,0.00000,0.00000,0.03494,
7.40368,Left,2,normal,0.00000,0.00000,0.03494,
7.40853,Left,2,normal,0.00000,0.00000,0.03494,
7.41289,Left,2,normal,0.00000,0.00000,0.03494,
7.41743,Left,2,normal,0.00000,0.00000,0.03494,
7.42185,Left,2,normal,0.00000,0.00000,0.03494,
7.43405,Left,2,normal,0.00000,0.00000,0.03494,
7.43874,Left,2,normal,0.00000,0.00000,0.03494,
7.44378,Left,2,normal,0.00000,0.00000,0.03494,
7.44949,Left,2,normal,0.00000,0.00000,0.03494,
7.45378,Left,2,normal,0.00000,0.00000,0.03494,
7.45837,Left,2,normal,0.00000,0.00000,0.03494,
7.47174,Left,2,normal,0.00000,0.00000,0.03494,
7.47706,Left,2,normal,0.00000,0.00000,0.03494,
7.48164,Left,2,normal,0.00000,0.00000,0.03494,
7.48692,Left,2,normal,0.00000,0.00000,0.03494,
7.49144,Left,2,normal,0.00000,0.00000,0.03494,
7.49586,Left,2,normal,0.00000,0.00000,0.03494,
7.50024,Left,2,normal,0.00000,0.00000,0.03494,
7.50517,Left,2,normal,0.00000,0.00000,0.03494,
7.51307,Left,2,normal,0.00000,0.00000,0.03494,
7.51753,Left,2,normal,0.00000,0.00000,0.03494,
7.52194,Left,2,normal,0.00000,0.00000,0.03494,
7.52686,Left,2,normal,0.00000,0.00000,0.03494,
7.53144,Left,2,normal,0.00000,0.00000,0.03494,
7.53586,Left,2,normal,0.00000,0.00000,0.03494,
7.54037,Left,2,normal,0.00000,0.00000,0.03494,
7.54587,Left,2,normal,0.00000,0.00000,0.03494,
7.55033,Left,2,normal,0.00000,0.00000,0.03494,
7.55466,Left,2,normal,0.00000,0.00000,0.03494,
7.55905,Left,2,normal,0.00000,0.00000,0.03494,
7.56345,Left,2,normal,0.00000,0.00000,0.03494,
7.56837,Left,2,normal,0.00000,0.00000,0.03494,
7.57285,Left,2,normal,0.00000,0.00000,0.03494,
7.57957,Left,2,normal,0.00000,0.00000,0.03494,
7.58404,Left,2,normal,0.00000,0.00000,0.03494,
7.58889,Left,2,normal,0.00000,0.00000,0.03494,
7.59328,Left,2,normal,0.00000,0.00000,0.03494,
7.59886,Left,2,normal,0.00000,0.00000,0.03494,
7.60330,Left,2,normal,0.00000,0.00000,0.03494,
7.60803,Left,2,normal,0.00000,0.00000,0.03494,
7.61252,Left,2,normal,0.00000,0.00000,0.03494,
7.62609,Left,2,normal,0.00000,0.00000,0.03494,
7.63133,Left,2,normal,0.00000,0.00000,0.03494,
7.63585,Left,2,normal,0.00000,0.00000,0.03494,
7.64035,Left,2,normal,0.00000,0.00000,0.03494,
7.64557,Left,2,normal,0.00000,0.00000,0.03494,
7.64994,Left,2,normal,0.00000,0.00000,0.03494,
7.65428,Left,2,normal,0.00000,0.00000,0.03494,
7.65884,Left,2,normal,0.00000,0.00000,0.03494,
7.66317,Left,2,normal,0.00000,0.00000,0.03494,
7.66806,Left,2,normal,0.00000,0.00000,0.03494,
7.67997,Left,2,normal,0.00000,0.00000,0.03494,
7.68521,Left,2,normal,-0.00492,0.00000,0.03494,
7.69013,Left,2,normal,-0.01002,0.00000,0.03494,
7.69522,Left,2,normal,-0.01495,0.00000,0.03494,
7.70016,Left,2,normal,-0.03047,0.00000,0.03494,
7.71568,Left,2,normal,-0.04530,0.00000,0.03494,
7.73050,Left,2,normal,-0.06190,0.00000,0.03494,
7.74711,Left,2,normal,-0.07783,0.00000,0.01900,
7.76304,Left,2,normal,-0.09429,0.00000,0.00254,
7.77950,Left,2,normal,-0.11411,0.00000,-0.01728,
7.79932,Left,2,normal,-0.13074,0.00000,-0.03391,
7.81595,Left,2,normal,-0.14723,0.00000,-0.05040,
7.83244,Left,2,normal,-0.16271,0.00000,-0.06588,
7.84792,Left,2,normal,-0.17907,0.00000,-0.08224,
7.86428,Left,2,normal,-0.19486,0.00000,-0.09802,
7.88006,Left,2,normal,-0.21147,0.00000,-0.11464,
7.89668,Left,2,normal,-0.22634,0.00000,-0.12951,
7.91155,Left,2,normal,-0.24299,0.00000,-0.14616,
7.92820,Left,2,normal,-0.26456,0.00000,-0.16773,
7.94977,Left,2,normal,-0.29146,0.00000,-0.19463,
7.97667,Left,2,normal,-0.30788,0.00000,-0.21105,
7.99309,Left,2,normal,-0.32472,0.00000,-0.22789,
8.00993,Left,2,normal,-0.32472,0.00000,-0.24510,
8.02714,Left,2,normal,-0.32472,0.00000,-0.26187,
8.04391,Left,2,normal,-0.32472,0.00000,-0.27815,
8.06019,Left,2,normal,-0.32472,0.00000,-0.29540,
8.07744,Left,2,normal,-0.32472,0.00000,-0.31033,
8.09237,Left,2,normal,-0.32472,0.00000,-0.32737,
8.10941,Left,2,normal,-0.32472,0.00000,-0.32737,
8.12539,Left,2,normal,-0.32472,0.00000,-0.32737,
8.13940,Left,2,normal,-0.32472,0.00000,-0.32737,
8.15344,Left,2,normal,-0.32472,0.00000,-0.32737,
8.16723,Left,2,normal,-0.32472,0.00000,-0.32737,
8.17265,Left,2,normal,-0.32472,0.00000,-0.32737,
8.17740,Left,2,normal,-0.32472,0.00000,-0.32737,
8.18183,Left,2,normal,-0.32472,0.00000,-0.32737,
8.18685,Left,2,normal,-0.32472,0.00000,-0.32737,
8.19714,Left,2,normal,-0.32472,0.00000,-0.32737,
8.20708,Left,2,normal,-0.32472,0.00000,-0.32737,
8.21259,Left,2,normal,-0.32472,0.00000,-0.32737,
8.21828,Left,2,normal,-0.32472,0.00000,-0.32737,
8.22295,Left,2,normal,-0.32472,0.00000,-0.32737,
8.22786,Left,2,normal,-0.32472,0.00000,-0.32737,
8.23238,Left,2,normal,-0.32472,0.00000,-0.32737,
8.23708,Left,2,normal,-0.32472,0.00000,-0.32737,
8.24165,Left,2,normal,-0.32472,0.00000,-0.32737,
8.24731,Left,2,normal,-0.32472,0.00000,-0.32737,
8.26101,Left,2,normal,-0.32472,0.00000,-0.32737,
8.26645,Left,2,normal,-0.32472,0.00000,-0.32737,
8.27108,Left,2,normal,-0.32472,0.00000,-0.32737,
8.27563,Left,2,normal,-0.32472,0.00000,-0.32737,
8.28024,Left,2,normal,-0.32472,0.00000,-0.32737,
8.28797,Left,2,normal,-0.32472,0.00000,-0.32737,
8.29253,Left,2,normal,-0.32472,0.00000,-0.32737,
8.29688,Left,2,normal,-0.32472,0.00000,-0.32737,
8.30137,Left,2,normal,-0.32472,0.00000,-0.32737,
8.30635,Left,2,normal,-0.32472,0.00000,-0.32737,
8.31076,Left,2,normal,-0.32472,0.00000,-0.32737,
8.31528,Left,2,normal,-0.32472,0.00000,-0.32737,
8.32153,Left,2,normal,-0.32472,0.00000,-0.32737,
8.32648,Left,2,normal,-0.32472,0.00000,-0.32737,
8.33073,Left,2,normal,-0.32472,0.00000,-0.32737,
8.33537,Left,2,normal,-0.32472,0.00000,-0.32737,
8.33954,Left,2,normal,-0.32472,0.00000,-0.32737,
8.34399,Left,2,normal,-0.32472,0.00000,-0.32737,
8.34886,Left,2,normal,-0.32472,0.00000,-0.32737,
8.35456,Left,2,normal,-0.32472,0.00000,-0.32737,
8.35902,Left,2,normal,-0.32472,0.00000,-0.32737,
8.36349,Left,2,normal,-0.32472,0.00000,-0.32737,
8.36840,Left,2,normal,-0.32472,0.00000,-0.32737,
8.37294,Left,2,normal,-0.32472,0.00000,-0.32737,
8.37739,Left,2,normal,-0.32472,0.00000,-0.32737,
8.38185,Left,2,normal,-0.32472,0.00000,-0.32737,
8.38750,Left,2,normal,-0.32472,0.00000,-0.32737,
8.39196,Left,2,normal,-0.32472,0.00000,-0.32737,
8.39628,Left,2,normal,-0.32472,0.00000,-0.32737,
8.40083,Left,2,normal,-0.32472,0.00000,-0.32737,
8.41528,Left,2,normal,-0.32472,0.00000,-0.32737,
8.42114,Left,2,normal,-0.32472,0.00000,-0.32737,
8.42606,Left,2,normal,-0.32472,0.00000,-0.32737,
8.43053,Left,2,normal,-0.32472,0.00000,-0.32737,
8.43504,Left,2,normal,-0.32472,0.00000,-0.32737,
8.43948,Left,2,normal,-0.32472,0.00000,-0.32737,
8.45219,Left,2,normal,-0.32472,0.00000,-0.32737,
8.45810,Left,2,normal,-0.32472,0.00000,-0.32737,
8.46264,Left,2,normal,-0.32472,0.00000,-0.32737,
8.46743,Left,2,normal,-0.32472,0.00000,-0.32737,
8.47186,Left,2,normal,-0.32472,0.00000,-0.32737,
8.47635,Left,2,normal,-0.32472,0.00000,-0.32737,
8.48095,Left,2,normal,-0.32472,0.00000,-0.32737,
8.48603,Left,2,normal,-0.32472,0.00000,-0.32737,
8.49054,Left,2,normal,-0.32472,0.00000,-0.32737,
8.49484,Left,2,normal,-0.32472,0.00000,-0.32737,
8.49943,Left,2,normal,-0.32472,0.00000,-0.32737,
8.50377,Left,2,normal,-0.32472,0.00000,-0.32737,
8.50873,Left,2,normal,-0.32472,0.00000,-0.32737,
8.51318,Left,2,normal,-0.32472,0.00000,-0.32737,
8.51763,Left,2,normal,-0.32472,0.00000,-0.32737,
8.52200,Left,2,normal,-0.32472,0.00000,-0.32737,
8.52686,Left,2,normal,-0.32472,0.00000,-0.32737,
8.53135,Left,2,normal,-0.32472,0.00000,-0.32737,
8.53569,Left,2,normal,-0.31990,0.00000,-0.32737,
8.54050,Left,2,normal,-0.31465,0.00000,-0.32737,
8.54576,Left,2,normal,-0.30945,0.00000,-0.32737,
8.55095,Left,2,normal,-0.29308,0.00000,-0.31099,
8.56732,Left,2,normal,-0.27734,0.00000,-0.29525,
8.58306,Left,2,normal,-0.25594,0.00000,-0.27385,
8.60447,Left,2,normal,-0.24040,0.00000,-0.25831,
8.62001,Left,2,normal,-0.22069,0.00000,-0.23860,
8.63972,Left,2,normal,-0.20527,0.00000,-0.22318,
8.65513,Left,2,normal,-0.18898,0.00000,-0.20689,
8.67142,Left,2,normal,-0.17341,0.00000,-0.19132,
8.68700,Left,2,normal,-0.15680,0.00000,-0.17471,
8.70360,Left,2,normal,-0.14075,0.00000,-0.15867,
8.71965,Left,2,normal,-0.12437,0.00000,-0.14228,
8.73604,Left,2,normal,-0.10233,0.00000,-0.12024,
8.75808,Left,2,normal,-0.07708,0.00000,-0.09499,
8.78332,Left,2,normal,-0.06051,0.00000,-0.07842,
8.79989,Left,2,normal,-0.04331,0.00000,-0.06122,
8.81710,Left,2,normal,-0.02789,0.00000,-0.04580,
8.83252,Left,2,normal,-0.00903,0.00000,-0.04580,
8.85138,Left,2,normal,-0.00903,0.00000,-0.04580,
8.86758,Left,2,normal,-0.00903,0.00000,-0.04580,
8.88253,Left,2,normal,-0.00903,0.00000,-0.04580,
8.89619,Left,2,normal,-0.00903,0.00000,-0.04580,
8.90105,Left,2,normal,-0.00903,0.00000,-0.04580,
8.90621,Left,2,normal,-0.00903,0.00000,-0.04580,
8.91074,Left,2,normal,-0.00903,0.00000,-0.04580,
8.91524,Left,2,normal,-0.00903,0.00000,-0.04580,
8.92165,Left,2,normal,-0.00903,0.00000,-0.04580,
8.92704,Left,2,normal,-0.00903,0.00000,-0.04580,
8.93153,Left,2,normal,-0.00903,0.00000,-0.04580,
8.93594,Left,2,normal,-0.00903,0.00000,-0.04580,
8.94056,Left,2,normal,-0.00903,0.00000,-0.04580,
8.94534,Left,2,normal,-0.00903,0.00000,-0.04580,
8.94976,Left,2,normal,-0.00903,0.00000,-0.04580,
8.95474,Left,2,normal,-0.00903,0.00000,-0.04580,
8.95915,Left,2,normal,-0.00903,0.00000,-0.04580,
8.96371,Left,2,normal,-0.00903,0.00000,-0.04580,
8.96854,Left,2,normal,-0.00903,0.00000,-0.04580,
8.97295,Left,2,normal,-0.00903,0.00000,-0.04580,
8.97747,Left,2,normal,-0.00903,0.00000,-0.04580,
8.98196,Left,2,normal,-0.00903,0.00000,-0.04580,
8.98738,Left,2,normal,-0.00903,0.00000,-0.04580,
8.99187,Left,2,normal,-0.00903,0.00000,-0.04580,
8.99634,Left,2,normal,-0.00903,0.00000,-0.04580,
9.00063,Left,2,normal,-0.00903,0.00000,-0.04580,
9.00550,Left,2,normal,-0.00903,0.00000,-0.04580,
9.00984,Left,2,normal,-0.00903,0.00000,-0.04580,
9.01412,Left,2,normal,-0.00903,0.00000,-0.04580,
9.02127,Left,2,normal,-0.00903,0.00000,-0.04580,
9.04116,Left,2,normal,-0.00903,0.00000,-0.04580,
9.05440,Left,2,normal,-0.00903,0.00000,-0.04580,
9.05903,Left,2,normal,-0.00903,0.00000,-0.04580,
9.06356,Left,2,normal,-0.00903,0.00000,-0.04580,
9.06845,Left,2,normal,-0.00903,0.00000,-0.04580,
9.07305,Left,2,normal,-0.00903,0.00000,-0.04580,
9.07765,Left,2,normal,-0.00903,0.00000,-0.04580,
9.08206,Left,2,normal,-0.00903,0.00000,-0.04580,
9.08684,Left,2,normal,-0.00903,0.00000,-0.04580,
9.09135,Left,2,normal,-0.00903,0.00000,-0.04580,
9.09581,Left,2,normal,-0.00903,0.00000,-0.04580,
9.10035,Left,2,normal,-0.00903,0.00000,-0.04580,
9.10508,Left,2,normal,-0.00903,0.00000,-0.04580,
9.10966,Left,2,normal,-0.00903,0.00000,-0.04580,
9.11404,Left,2,normal,-0.00903,0.00000,-0.04580,
9.11852,Left,2,normal,-0.00903,0.00000,-0.04580,
9.12296,Left,2,normal,-0.00903,0.00000,-0.04580,
9.12775,Left,2,normal,-0.00903,0.00000,-0.04580,
9.13205,Left,2,normal,-0.00903,0.00000,-0.04580,
9.13629,Left,2,normal,-0.00903,0.00000,-0.04580,
9.14052,Left,2,normal,-0.00903,0.00000,-0.04580,
9.14583,Left,2,normal,-0.00903,0.00000,-0.04580,
9.15026,Left,2,normal,-0.00903,0.00000,-0.04580,
9.15466,Left,2,normal,-0.00903,0.00000,-0.04580,
9.15904,Left,2,normal,-0.00903,0.00000,-0.04580,
9.16350,Left,2,normal,-0.00903,0.00000,-0.04580,
9.16827,Left,2,normal,-0.00903,0.00000,-0.04580,
9.17274,Left,2,normal,-0.00903,0.00000,-0.04580,
9.18627,Left,2,normal,-0.00903,0.00000,-0.04580,
9.19154,Left,2,normal,-0.00903,0.00000,-0.04580,
9.19605,Left,2,normal,-0.00903,0.00000,-0.04580,
9.20056,Left,2,normal,-0.00903,0.00000,-0.04580,
9.20539,Left,2,normal,-0.00903,0.00000,-0.04580,
9.20995,Left,2,normal,-0.00903,0.00000,-0.04580,
9.21447,Left,2,normal,-0.00903,0.00000,-0.04580,
9.21887,Left,2,normal,-0.00903,0.00000,-0.04580,
9.22325,Left,2,normal,-0.00903,0.00000,-0.04580,
9.22817,Left,2,normal,-0.00903,0.00000,-0.04580,
9.23253,Left,2,normal,-0.00903,0.00000,-0.04580,
9.23688,Left,2,normal,-0.00903,0.00000,-0.04580,
9.24128,Left,2,normal,-0.00903,0.00000,-0.04580,
9.24732,Left,2,normal,-0.00903,0.00000,-0.04580,
9.25188,Left,2,normal,-0.00903,0.00000,-0.04580,
9.25635,Left,2,normal,-0.00903,0.00000,-0.04580,
9.26095,Left,2,normal,-0.00903,0.00000,-0.04580,
9.26577,Left,2,normal,-0.00903,0.00000,-0.04580,
9.27019,Left,2,normal,-0.00903,0.00000,-0.04580,
9.27474,Left,2,normal,-0.00903,0.00000,-0.04580,
9.27925,Left,2,normal,-0.00903,0.00000,-0.04580,
9.28355,Left,2,normal,-0.00903,0.00000,-0.04580,
9.28846,Left,2,normal,-0.00903,0.00000,-0.04580,
9.29302,Left,2,normal,-0.00903,0.00000,-0.04580,
9.29754,Left,2,normal,-0.00903,0.00000,-0.04580,
9.30194,Left,2,normal,-0.00903,0.00000,-0.04580,
9.30675,Left,2,normal,-0.00903,0.00000,-0.04580,
9.31112,Left,2,normal,-0.00903,0.00000,-0.04580,
9.31555,Left,2,normal,-0.00903,0.00000,-0.04580,
9.32924,Left,1,normal,-0.00903,0.00000,-0.04580,
9.33548,Left,1,normal,-0.00903,0.00000,-0.04580,
9.34131,Left,1,normal,-0.00903,0.00000,-0.04580,
9.34619,Left,1,normal,-0.00903,0.00000,-0.04580,
9.35298,Left,1,normal,-0.00903,0.00000,-0.04580,
9.35844,Left,1,normal,-0.00903,0.00000,-0.04580,
9.36344,Left,1,normal,-0.00903,0.00000,-0.04580,
9.37841,Left,1,normal,-0.00903,0.00000,-0.04580,
9.38578,Left,1,normal,-0.00903,0.00000,-0.04580,
9.39025,Left,1,normal,-0.00903,0.00000,-0.04580,
9.39499,Left,1,normal,-0.00903,0.00000,-0.04580,
9.39943,Left,1,normal,-0.00903,0.00000,-0.04580,
9.40381,Left,1,normal,-0.00903,0.00000,-0.04580,
9.40811,Left,1,normal,-0.00903,0.00000,-0.04580,
9.41232,Left,1,normal,-0.00903,0.00000,-0.04580,
9.41891,Left,1,normal,-0.00903,0.00000,-0.04580,
9.42319,Left,1,normal,-0.00903,0.00000,-0.04580,
9.42761,Left,1,normal,-0.00903,0.00000,-0.04580,
9.43231,Left,1,normal,-0.00903,0.00000,-0.04580,
9.43718,Left,1,normal,-0.00903,0.00000,-0.04580,
9.44168,Left,1,normal,-0.00903,0.00000,-0.04580,
9.44620,Left,1,normal,-0.00903,0.00000,-0.04580,
9.45244,Left,1,normal,-0.00903,0.00000,-0.04580,
9.45743,Left,1,normal,-0.00903,0.00000,-0.04580,
9.46306,Left,1,normal,-0.00903,0.00000,-0.04580,
9.46763,Left,1,normal,-0.00903,0.00000,-0.04580,
9.47689,Left,1,normal,-0.00903,0.00000,-0.04580,
9.48170,Left,1,normal,-0.00903,0.00000,-0.04580,
9.48610,Left,1,normal,-0.00903,0.00000,-0.04580,
9.49923,Left,1,normal,-0.00903,0.00000,-0.04580,
9.50451,Left,1,normal,-0.00903,0.00000,-0.04580,
9.50931,Left,1,normal,-0.00903,0.00000,-0.04580,
9.51371,Left,1,normal,-0.00903,0.00000,-0.04580,
9.52756,Left,1,normal,-0.00903,0.00000,-0.04580,
9.53233,Left,1,normal,-0.00903,0.00000,-0.04580,
9.53739,Left,1,normal,-0.00903,0.00000,-0.04580,
9.54193,Left,1,normal,-0.00903,0.00000,-0.04580,
9.54649,Left,1,normal,-0.00903,0.00000,-0.04580,
9.55293,Left,1,normal,-0.00903,0.00000,-0.04580,
9.55770,Left,1,normal,-0.00903,0.00000,-0.04580,
9.56208,Left,1,normal,-0.00903,0.00000,-0.04580,
9.56645,Left,1,normal,-0.00903,0.00000,-0.04580,
9.57110,Left,1,normal,-0.00903,0.00000,-0.04580,
9.57590,Left,1,normal,-0.00903,0.00000,-0.04580,
9.58022,Left,1,normal,-0.00903,0.00000,-0.04580,
9.58573,Left,1,normal,-0.00903,0.00000,-0.04580,
9.59019,Left,1,normal,-0.00903,0.00000,-0.04580,
9.59503,Left,1,normal,-0.00903,0.00000,-0.04580,
9.59942,Left,1,normal,-0.00903,0.00000,-0.04580,
9.60369,Left,1,normal,-0.00903,0.00000,-0.04580,
9.60816,Left,1,normal,-0.00903,0.00000,-0.04580,
9.61259,Left,1,normal,-0.00903,0.00000,-0.04580,
9.61932,Left,1,normal,-0.00903,0.00000,-0.04580,
9.62379,Left,1,normal,-0.00903,0.00000,-0.04580,
9.62818,Left,1,normal,-0.00903,0.00000,-0.04580,
9.63252,Left,1,normal,-0.00903,0.00000,-0.04580,
9.63728,Left,1,normal,-0.00903,0.00000,-0.04580,
9.64160,Left,1,normal,-0.00903,0.00000,-0.04580,
9.64600,Left,1,normal,-0.00903,0.00000,-0.04580,
9.65258,Left,1,normal,-0.00903,0.00000,-0.04580,
9.65730,Left,1,normal,-0.00903,0.00000,-0.04580,
9.66180,Left,1,normal,-0.00903,0.00000,-0.04580,
9.66752,Left,1,normal,-0.00903,0.00000,-0.04580,
9.68095,Left,1,normal,-0.00903,0.00000,-0.04580,
9.68630,Left,1,normal,-0.00903,0.00000,-0.04580,
9.69080,Left,1,normal,-0.00903,0.00000,-0.04580,
9.69570,Left,1,normal,-0.00903,0.00000,-0.04580,
9.70020,Left,1,normal,-0.00903,0.00000,-0.04580,
9.70471,Left,1,normal,-0.00903,0.00000,-0.04580,
9.70926,Left,1,normal,-0.00903,0.00000,-0.04580,
9.71370,Left,1,normal,-0.00903,0.00000,-0.04580,
9.71844,Left,1,normal,-0.00903,0.00000,-0.04580,
9.72293,Left,1,normal,-0.00903,0.00000,-0.04580,
9.72722,Left,1,normal,-0.00903,0.00000,-0.04580,
9.73181,Left,1,normal,-0.00903,0.00000,-0.04580,
9.73711,Left,1,normal,-0.00903,0.00000,-0.04580,
9.74148,Left,1,normal,-0.00903,0.00000,-0.04580,
9.74579,Left,1,normal,-0.00903,0.00000,-0.04580,
9.75007,Left,1,normal,-0.00903,0.00000,-0.04580,
9.75477,Left,1,normal,-0.00903,0.00000,-0.04580,
9.75917,Left,1,normal,-0.00903,0.00000,-0.04580,
9.76361,Left,1,normal,-0.00903,0.00000,-0.04580,
9.76795,Left,1,normal,-0.00903,0.00000,-0.04580,
9.77230,Left,1,normal,-0.00903,0.00000,-0.04580,
9.77721,Left,1,normal,-0.00903,0.00000,-0.04580,
9.78159,Left,1,normal,-0.00903,0.00000,-0.04580,
9.78594,Left,1,normal,-0.00903,0.00000,-0.04580,
9.79041,Left,1,normal,-0.00903,0.00000,-0.04580,
9.79538,Left,1,normal,-0.00903,0.00000,-0.04580,
9.79971,Left,1,normal,-0.00903,0.00000,-0.04580,
9.80413,Left,1,normal,-0.00903,0.00000,-0.04580,
9.80863,Left,1,normal,-0.00903,0.00000,-0.04580,
9.81299,Left,1,normal,-0.00903,0.00000,-0.04580,
9.81782,Left,1,normal,-0.00903,0.00000,-0.04580,
9.83986,Left,1,normal,-0.00903,0.00000,-0.04580,
9.84552,Left,1,normal,-0.00903,0.00000,-0.04580,
9.85000,Left,1,normal,-0.00903,0.00000,-0.04580,
9.85529,Left,1,normal,-0.00903,0.00000,-0.04580,
9.85990,Left,1,normal,-0.00903,0.00000,-0.04580,
9.86462,Left,1,normal,-0.00903,0.00000,-0.04580,
9.87036,Left,1,normal,-0.00903,0.00000,-0.04580,
9.87551,Left,1,normal,-0.00903,0.00000,-0.04580,
9.87999,Left,1,normal,-0.00903,0.00000,-0.04580,
9.88442,Left,1,normal,-0.00903,0.00000,-0.04580,
9.88901,Left,1,normal,-0.00903,0.00000,-0.04580,
9.89345,Left,1,normal,-0.00903,0.00000,-0.04580,
9.89832,Left,1,normal,-0.00903,0.00000,-0.04580,
9.90266,Left,1,normal,-0.00903,0.00000,-0.04580,
9.90710,Left,1,normal,-0.00903,0.00000,-0.04580,
9.91151,Left,1,normal,-0.00903,0.00000,-0.04580,
9.91630,Left,1,normal,-0.00903,0.00000,-0.04580,
9.92059,Left,1,normal,-0.00903,0.00000,-0.04580,
9.92500,Left,1,normal,-0.00903,0.00000,-0.04580,
9.92950,Left,1,normal,-0.00903,0.00000,-0.04580,
9.93411,Left,1,normal,-0.00903,0.00000,-0.04580,
9.93829,Left,1,normal,-0.00903,0.00000,-0.04580,
9.94274,Left,1,normal,-0.00903,0.00000,-0.04580,
9.94699,Left,1,normal,-0.00903,0.00000,-0.04580,
9.95131,Left,1,normal,-0.00903,0.00000,-0.04580,
9.95612,Left,1,normal,-0.00903,0.00000,-0.04580,
9.96050,Left,1,normal,-0.00903,0.00000,-0.04580,
9.96503,Left,1,normal,-0.00903,0.00000,-0.04580,
9.96943,Left,1,normal,-0.00903,0.00000,-0.04580,
9.98294,Left,1,normal,-0.00903,0.00000,-0.04580,
9.98922,Left,1,normal,-0.00903,0.00000,-0.04580,
9.99355,Left,1,normal,-0.00903,0.00000,-0.04580,
9.99829,Left,1,normal,-0.00903,0.00000,-0.04580,
10.00264,Left,1,normal,-0.00903,0.00000,-0.04580,
10.00711,Left,1,normal,-0.00903,0.00000,-0.04580,
10.01149,Left,1,normal,-0.00903,0.00000,-0.04580,
10.01623,Left,1,normal,-0.00903,0.00000,-0.04580,
10.02052,Left,1,normal,-0.00903,0.00000,-0.04580,
10.02492,Left,1,normal,-0.00903,0.00000,-0.04580,
10.02939,Left,1,normal,-0.00903,0.00000,-0.04580,
10.03378,Left,1,normal,-0.00903,0.00000,-0.04580,
10.03873,Left,1,normal,-0.00903,0.00000,-0.05067,
10.04359,Left,1,normal,-0.00903,0.00000,-0.05564,
10.04856,Left,1,normal,-0.00903,0.00000,-0.06066,
10.05359,Left,1,normal,-0.00903,0.00000,-0.06614,
10.05906,Left,1,normal,-0.00903,0.00000,-0.08215,
10.07508,Left,1,normal,-0.00903,0.00000,-0.09994,
10.09287,Left,1,normal,-0.00903,0.00000,-0.11696,
10.10988,Left,1,normal,-0.00903,0.00000,-0.13323,
10.12615,Left,1,normal,-0.00903,0.00000,-0.14993,
10.14286,Left,1,normal,-0.00903,0.00000,-0.16602,
10.15894,Left,1,normal,-0.00903,0.00000,-0.18827,
10.18119,Left,1,normal,-0.00903,0.00000,-0.21223,
10.20516,Left,1,normal,-0.00903,0.00000,-0.22876,
10.22168,Left,1,normal,-0.00903,0.00000,-0.24665,
10.23958,Left,1,normal,-0.00903,0.00000,-0.26285,
10.25577,Left,1,normal,-0.00903,0.00000,-0.28005,
10.27298,Left,1,normal,-0.00903,0.00000,-0.29674,
10.28967,Left,1,normal,-0.00903,0.00000,-0.31544,
10.30836,Left,1,normal,-0.00903,0.00000,-0.33141,
10.32434,Left,1,normal,-0.00903,0.00000,-0.33141,
10.34091,Left,1,normal,-0.00903,0.00000,-0.33141,
10.35568,Left,1,normal,-0.00903,0.00000,-0.33141,
10.36925,Left,1,normal,-0.00903,0.00000,-0.33141,
10.37484,Left,1,normal,-0.00903,0.00000,-0.33141,
10.38023,Left,1,normal,-0.00903,0.00000,-0.33141,
10.38495,Left,1,normal,-0.00903,0.00000,-0.33141,
10.38980,Left,1,normal,-0.00903,0.00000,-0.33141,
10.39482,Left,1,normal,-0.00903,0.00000,-0.33141,
10.39932,Left,1,normal,-0.00903,0.00000,-0.33141,
10.40391,Left,1,normal,-0.00903,0.00000,-0.33141,
10.40838,Left,1,normal,-0.00903,0.00000,-0.33141,
10.41291,Left,1,normal,-0.00903,0.00000,-0.33141,
10.41795,Left,1,normal,-0.00903,0.00000,-0.33141,
10.42252,Left,1,normal,-0.00903,0.00000,-0.33141,
10.42695,Left,1,normal,-0.00903,0.00000,-0.33141,
10.43139,Left,1,normal,-0.00903,0.00000,-0.33141,
10.43610,Left,1,normal,-0.00903,0.00000,-0.33141,
10.44060,Left,1,normal,-0.00903,0.00000,-0.33141,
10.45354,Left,1,normal,-0.00903,0.00000,-0.33141,
10.45860,Left,1,normal,-0.00903,0.00000,-0.33141,
10.46321,Left,1,normal,-0.00903,0.00000,-0.33141,
10.46811,Left,1,normal,-0.00903,0.00000,-0.33141,
10.47515,Left,1,normal,-0.00903,0.00000,-0.33141,
10.48227,Left,1,normal,-0.00903,0.00000,-0.33141,
10.48782,Left,1,normal,-0.00903,0.00000,-0.32566,
10.49358,Left,1,normal,-0.00903,0.00000,-0.31805,
10.50118,Left,1,normal,-0.00903,0.00000,-0.31237,
10.50686,Left,1,normal,-0.00903,0.00000,-0.29542,
10.52381,Left,1,normal,-0.00903,0.00000,-0.27226,
10.54697,Left,1,normal,-0.00903,0.00000,-0.24815,
10.57108,Left,1,normal,-0.00903,0.00000,-0.21920,
10.60003,Left,1,normal,-0.00903,0.00000,-0.20082,
10.61841,Left,1,normal,-0.00903,0.00000,-0.18405,
10.63518,Left,1,normal,-0.00903,0.00000,-0.16748,
10.65175,Left,1,normal,-0.00903,0.00000,-0.14976,
10.66947,Left,1,normal,-0.00903,0.00000,-0.13395,
10.68528,Left,1,normal,-0.00903,0.00000,-0.11685,
10.70238,Left,1,normal,-0.00903,0.00000,-0.09895,
10.72028,Left,1,normal,-0.00903,0.00000,-0.08116,
10.73807,Left,1,normal,-0.00903,0.00000,-0.06478,
10.75445,Left,1,normal,-0.00903,0.00000,-0.04681,
10.77242,Left,1,normal,-0.00903,0.00000,-0.02966,
10.78957,Left,1,normal,-0.00903,0.00000,-0.00702,
10.81221,Left,1,normal,-0.00903,0.00000,0.02163,
10.84086,Left,1,normal,-0.00903,0.00000,0.03857,
10.85780,Left,1,normal,-0.00903,0.00000,0.05632,
10.87555,Left,1,normal,-0.00903,0.00000,0.07277,
10.89200,Left,1,normal,-0.00903,0.00000,0.07277,
10.90975,Left,1,normal,-0.00903,0.00000,0.07277,
10.92480,Left,1,normal,-0.00903,0.00000,0.07277,
10.93846,Left,1,normal,-0.00903,0.00000,0.07277,
10.95217,Left,1,normal,-0.00903,0.00000,0.07277,
10.95775,Left,1,normal,-0.00903,0.00000,0.07277,
10.96222,Left,1,normal,-0.00903,0.00000,0.07277,
10.96695,Left,1,normal,-0.00903,0.00000,0.07277,
10.97170,Left,1,normal,-0.00903,0.00000,0.07277,
10.97683,Left,1,normal,-0.00903,0.00000,0.07277,
10.98151,Left,1,normal,-0.00903,0.00000,0.07277,
10.98605,Left,1,normal,-0.00903,0.00000,0.07277,
10.99071,Left,1,normal,-0.00903,0.00000,0.07277,
10.99582,Left,1,normal,-0.00903,0.00000,0.07277,
11.00044,Left,1,normal,-0.00903,0.00000,0.07277,
11.00535,Left,1,normal,-0.00903,0.00000,0.07277,
11.00979,Left,1,normal,-0.00903,0.00000,0.07277,
11.01480,Left,1,normal,-0.00903,0.00000,0.07277,
11.01952,Left,1,normal,-0.00903,0.00000,0.07277,
11.02398,Left,1,normal,-0.00903,0.00000,0.07277,
11.02858,Left,1,normal,-0.00903,0.00000,0.07277,
11.03312,Left,1,normal,-0.00903,0.00000,0.07277,
11.03801,Left,1,normal,-0.00903,0.00000,0.07277,
11.04250,Left,1,normal,-0.00903,0.00000,0.07277,
11.04693,Left,1,normal,-0.00903,0.00000,0.07277,
11.05144,Left,1,normal,-0.00903,0.00000,0.07277,
11.06229,Left,1,normal,-0.00903,0.00000,0.07277,
11.07186,Left,1,normal,-0.00903,0.00000,0.07277,
11.08584,Left,1,normal,-0.00903,0.00000,0.07277,
11.09045,Left,1,normal,-0.00903,0.00000,0.07277,
11.09543,Left,1,normal,-0.00903,0.00000,0.07277,
11.09996,Left,1,normal,-0.00903,0.00000,0.07277,
11.10450,Left,1,normal,-0.00903,0.00000,0.07277,
11.10889,Left,1,normal,-0.00903,0.00000,0.07277,
11.11333,Left,1,normal,-0.00903,0.00000,0.07277,
11.11977,Left,1,normal,-0.00903,0.00000,0.07277,
11.12414,Left,1,normal,-0.00903,0.00000,0.07277,
11.12864,Left,1,normal,-0.00903,0.00000,0.07277,
11.13320,Left,1,normal,-0.00903,0.00000,0.07277,
11.13818,Left,1,normal,-0.00903,0.00000,0.07277,
11.14266,Left,1,normal,-0.00903,0.00000,0.07277,
11.14710,Left,1,normal,-0.00903,0.00000,0.07277,
11.15162,Left,1,normal,-0.00903,0.00000,0.07277,
11.15629,Left,1,normal,-0.00903,0.00000,0.07277,
11.16075,Left,1,normal,-0.00903,0.00000,0.07277,
11.16524,Left,1,normal,-0.00903,0.00000,0.07277,
11.16968,Left,1,normal,-0.00903,0.00000,0.07277,
11.17459,Left,1,normal,-0.00903,0.00000,0.07277,
11.17912,Left,1,normal,-0.00903,0.00000,0.07277,
11.18352,Left,1,normal,-0.00903,0.00000,0.07277,
11.18810,Left,1,normal,-0.00903,0.00000,0.07277,
11.19448,Left,1,normal,-0.00903,0.00000,0.07277,
11.19917,Left,1,normal,-0.00903,0.00000,0.07277,
11.20349,Left,1,normal,-0.00903,0.00000,0.07277,
11.20793,Left,1,normal,-0.00903,0.00000,0.07277,
11.21231,Left,1,normal,-0.00903,0.00000,0.07277,
11.21715,Left,1,normal,-0.00903,0.00000,0.07277,
11.22153,Left,1,normal,-0.00903,0.00000,0.07277,
11.22734,Left,1,normal,-0.00903,0.00000,0.07277,
11.24045,Left,1,normal,-0.00903,0.00000,0.07277,
11.24534,Left,1,normal,-0.00903,0.00000,0.07277,
11.24959,Left,1,normal,-0.00903,0.00000,0.07277,
11.25421,Left,1,normal,-0.00903,0.00000,0.07277,
11.25870,Left,1,normal,-0.00903,0.00000,0.07277,
11.26310,Left,1,normal,-0.00903,0.00000,0.07277,
11.26734,Left,1,normal,-0.00903,0.00000,0.07277,
11.27180,Left,1,normal,-0.00903,0.00000,0.07277,
11.27660,Left,1,normal,-0.00903,0.00000,0.07277,
11.28102,Left,1,normal,-0.00903,0.00000,0.07277,
11.28543,Left,1,normal,-0.00903,0.00000,0.07277,
11.28979,Left,1,normal,-0.00903,0.00000,0.07277,
11.29536,Left,1,normal,-0.00903,0.00000,0.07277,
11.29969,Left,1,normal,-0.00903,0.00000,0.07277,
11.30399,Left,1,normal,-0.00903,0.00000,0.07277,
11.30832,Left,1,normal,-0.00903,0.00000,0.07277,
11.31282,Left,1,normal,-0.00903,0.00000,0.07277,
11.31868,Left,1,normal,-0.00903,0.00000,0.06579,
11.32566,Left,1,normal,-0.00903,0.00000,0.05250,
11.33895,Left,1,normal,-0.00903,0.00000,0.04651,
11.34493,Left,1,normal,-0.00903,0.00000,0.03016,
11.36129,Left,1,normal,-0.00903,0.00000,0.01346,
11.37799,Left,1,normal,-0.00903,0.00000,-0.00567,
11.39712,Left,1,normal,-0.00903,0.00000,-0.02236,
11.41380,Left,1,normal,-0.00903,0.00000,-0.03857,
11.43002,Left,1,normal,-0.00903,0.00000,-0.03857,
11.44759,Left,1,normal,-0.00903,0.00000,-0.03857,
11.46140,Left,1,normal,-0.00903,0.00000,-0.03857,
11.47609,Left,1,normal,-0.00903,0.00000,-0.03857,
11.48927,Left,1,normal,-0.00903,0.00000,-0.03857,
11.49385,Left,1,normal,-0.00903,0.00000,-0.03857,
11.49868,Left,1,normal,-0.00903,0.00000,-0.03857,
11.50297,Left,1,normal,-0.00903,0.00000,-0.03857,
11.50770,Left,1,normal,-0.00903,0.00000,-0.03857,
11.51209,Left,1,normal,-0.00903,0.00000,-0.03857,
11.51691,Left,1,normal,-0.00903,0.00000,-0.03857,
11.52161,Left,1,normal,-0.00903,0.00000,-0.03857,
11.52746,Left,1,normal,-0.00903,0.00000,-0.03857,
11.53199,Left,1,normal,-0.00903,0.00000,-0.03857,
11.54539,Left,1,normal,-0.00903,0.00000,-0.03857,
11.55021,Left,1,normal,-0.00903,0.00000,-0.03857,
11.55508,Left,1,normal,-0.00903,0.00000,-0.03857,
11.55947,Left,1,normal,-0.00903,0.00000,-0.03857,
11.56399,Left,1,normal,-0.00903,0.00000,-0.03857,
11.56826,Left,1,normal,-0.00903,0.00000,-0.03857,
11.57274,Left,1,normal,-0.00903,0.00000,-0.03857,
11.57772,Left,1,normal,-0.00903,0.00000,-0.03857,
11.58198,Left,1,normal,-0.00903,0.00000,-0.03857,
11.58622,Left,1,normal,-0.00903,0.00000,-0.03857,
11.59070,Left,1,normal,-0.00903,0.00000,-0.03857,
11.59534,Left,1,normal,-0.00903,0.00000,-0.03857,
11.59966,Left,1,normal,-0.00903,0.00000,-0.03857,
11.60389,Left,1,normal,-0.00903,0.00000,-0.03857,
11.60820,Left,1,normal,-0.00903,0.00000,-0.03857,
11.61250,Left,1,normal,-0.00903,0.00000,-0.03857,
11.61759,Left,1,normal,-0.00903,0.00000,-0.03857,
11.62220,Left,1,normal,-0.00903,0.00000,-0.03857,
11.62774,Left,1,normal,-0.00903,0.00000,-0.03857,
11.63219,Left,1,normal,-0.00903,0.00000,-0.03857,
11.64672,Left,1,normal,-0.00903,0.00000,-0.03857,
11.65257,Left,1,normal,-0.00903,0.00000,-0.03857,
11.65780,Left,1,normal,-0.00903,0.00000,-0.03857,
11.66222,Left,1,normal,-0.00903,0.00000,-0.03857,
11.66712,Left,1,normal,-0.00903,0.00000,-0.03857,
11.67148,Left,1,normal,-0.00903,0.00000,-0.03857,
11.67611,Left,1,normal,-0.00903,0.00000,-0.03857,
11.68030,Left,1,normal,-0.00903,0.00000,-0.03857,
11.68471,Left,1,normal,-0.00903,0.00000,-0.03857,
11.69843,Left,1,normal,-0.00903,0.00000,-0.03857,
11.70360,Left,1,normal,-0.00903,0.00000,-0.03857,
11.70799,Left,1,normal,-0.00903,0.00000,-0.03857,
11.71232,Left,1,normal,-0.00903,0.00000,-0.03857,
11.71729,Left,1,normal,-0.00903,0.00000,-0.03857,
11.72171,Left,1,normal,-0.00903,0.00000,-0.03857,
11.72894,Left,1,normal,-0.00903,0.00000,-0.03857,
11.73321,Left,1,normal,-0.00903,0.00000,-0.03857,
11.73810,Left,1,normal,-0.00903,0.00000,-0.03857,
11.74247,Left,1,normal,-0.00903,0.00000,-0.03857,
11.74679,Left,1,normal,-0.00903,0.00000,-0.03857,
11.75104,Left,1,normal,-0.00903,0.00000,-0.03857,
11.75591,Left,1,normal,-0.00903,0.00000,-0.03857,
11.76069,Left,1,normal,-0.00903,0.00000,-0.03857,
11.76511,Left,1,normal,-0.00903,0.00000,-0.03857,
11.76947,Left,1,normal,-0.00903,0.00000,-0.03857,
11.77379,Left,1,normal,-0.00903,0.00000,-0.03857,
11.77839,Left,1,normal,-0.00903,0.00000,-0.03857,
11.78268,Left,1,normal,-0.00903,0.00000,-0.03857,
11.78689,Left,1,normal,-0.00903,0.00000,-0.03857,
11.79449,Left,1,normal,-0.00903,0.00000,-0.03857,
11.79929,Left,1,normal,-0.00903,0.00000,-0.03857,
11.80370,Left,1,normal,-0.00903,0.00000,-0.03857,
11.80809,Left,1,normal,-0.00903,0.00000,-0.03857,
11.81240,Left,1,normal,-0.00903,0.00000,-0.03857,
11.81719,Left,1,normal,-0.00903,0.00000,-0.03857,
11.82161,Left,1,normal,-0.00903,0.00000,-0.03857,
11.82731,Left,1,normal,-0.00903,0.00000,-0.03857,
11.83161,Left,1,normal,-0.00903,0.00000,-0.03857,
11.83648,Left,1,normal,-0.00903,0.00000,-0.03857,
11.85002,Left,1,normal,-0.00903,0.00000,-0.03857,
11.85487,Left,1,normal,-0.00903,0.00000,-0.03857,
11.86123,Left,1,normal,-0.00903,0.00000,-0.03857,
11.86549,Left,1,normal,-0.00903,0.00000,-0.03857,
11.86983,Left,1,normal,-0.00903,0.00000,-0.03857,
11.87452,Left,1,normal,-0.00903,0.00000,-0.03857,
11.87888,Left,1,normal,-0.00903,0.00000,-0.03857,
11.88328,Left,1,normal,-0.00903,0.00000,-0.03857,
11.88761,Left,1,normal,-0.00903,0.00000,-0.03857,
11.89423,Left,1,normal,-0.00903,0.00000,-0.03857,
11.89894,Left,1,normal,-0.00903,0.00000,-0.03857,
11.90332,Left,1,normal,-0.00903,0.00000,-0.03857,
11.90751,Left,1,normal,-0.00903,0.00000,-0.03857,
11.91175,Left,1,normal,-0.00903,0.00000,-0.03857,
