Right,ShoulderPos: (-0.01, 0.63, 0.02),XZ,0.35
3.30781,Right,1,normal,0.00000,0.00000,0.00001,
3.31381,Right,1,normal,0.00000,0.00000,0.00001,
3.32052,Right,1,normal,0.00000,0.00000,0.00001,
3.32553,Right,1,normal,0.00000,0.00000,0.00001,
3.33871,Right,1,normal,0.00000,0.00000,0.00001,
3.34478,Right,1,normal,0.00000,0.00000,0.00001,
3.36073,Right,1,normal,0.00000,0.00000,0.00001,
3.37544,Right,1,normal,0.00000,0.00000,0.00001,
3.38942,Right,1,normal,0.00000,0.00000,0.00001,
3.40222,Right,1,normal,0.00000,0.00000,0.00001,
3.40683,Right,1,normal,0.00000,0.00000,0.00001,
3.41112,Right,1,normal,0.00000,0.00000,0.00001,
3.41604,Right,1,normal,0.00000,0.00000,0.00001,
3.42040,Right,1,normal,0.00000,0.00000,0.00001,
3.42464,Right,1,normal,0.00000,0.00000,0.00001,
3.43103,Right,1,normal,0.00000,0.00000,0.00001,
3.43601,Right,1,normal,0.00000,0.00000,0.00001,
3.44029,Right,1,normal,0.00000,0.00000,0.00001,
3.44463,Right,1,normal,0.00000,0.00000,0.00001,
3.44900,Right,1,normal,0.00000,0.00000,0.00001,
3.45372,Right,1,normal,0.00000,0.00000,0.00001,
3.45804,Right,1,normal,0.00000,0.00000,0.00001,
3.46237,Right,1,normal,0.00000,0.00000,0.00001,
3.46670,Right,1,normal,0.00000,0.00000,0.00001,
3.47104,Right,1,normal,0.00000,0.00000,0.00001,
3.47590,Right,1,normal,0.00000,0.00000,0.00001,
3.48021,Right,1,normal,0.00000,0.00000,0.00001,
3.48462,Right,1,normal,0.00000,0.00000,0.00001,
3.48890,Right,1,normal,0.00000,0.00000,0.00001,
3.49360,Right,1,normal,0.00000,0.00000,0.00001,
3.49781,Right,1,normal,0.00000,0.00000,0.00001,
3.51099,Right,1,normal,0.00000,0.00000,0.00001,
3.51621,Right,1,normal,0.00000,0.00000,0.00001,
3.52036,Right,1,normal,0.00000,0.00000,0.00001,
3.52463,Right,1,normal,0.00000,0.00000,0.00001,
3.52891,Right,1,normal,0.00000,0.00000,0.00001,
3.53401,Right,1,normal,0.00000,0.00000,0.00001,
3.53816,Right,1,normal,0.00000,0.00000,0.00001,
3.54250,Right,1,normal,0.00000,0.00000,0.00001,
3.54681,Right,1,normal,0.00000,0.00000,0.00001,
3.55128,Right,1,normal,0.00000,0.00000,0.00001,
3.55600,Right,1,normal,0.00000,0.00000,0.00001,
3.56021,Right,1,normal,0.00000,0.00000,0.00001,
3.56442,Right,1,normal,0.00000,0.00000,0.00001,
3.56858,Right,1,normal,0.00000,0.00000,0.00001,
3.57360,Right,1,normal,0.00000,0.00000,0.00001,
3.57763,Right,1,normal,0.00000,0.00000,0.00001,
3.58986,Right,1,normal,0.00000,0.00000,0.00001,
3.59518,Right,1,normal,0.00000,0.00000,0.00001,
3.60016,Right,1,normal,0.00000,0.00000,0.00001,
3.60546,Right,1,normal,0.00000,0.00000,0.00001,
3.61001,Right,1,normal,0.00000,0.00000,0.00001,
3.61553,Right,1,normal,0.00000,0.00000,0.00001,
3.62025,Right,1,normal,0.00000,0.00000,0.00001,
3.62572,Right,1,normal,0.00000,0.00000,0.00001,
3.63270,Right,1,normal,0.00000,0.00000,0.00001,
3.63794,Right,1,normal,0.00000,0.00000,0.00001,
3.64231,Right,1,normal,0.00000,0.00000,0.00001,
3.64680,Right,1,normal,0.00000,0.00000,0.00001,
3.65131,Right,1,normal,0.00000,0.00000,0.00001,
3.66517,Right,1,normal,0.00000,0.00000,0.00001,
3.66992,Right,1,normal,0.00000,0.00000,0.00001,
3.67472,Right,1,normal,0.00000,0.00000,0.00001,
3.67904,Right,1,normal,0.00000,0.00000,0.00001,
3.68330,Right,1,normal,0.00000,0.00000,0.00001,
3.68755,Right,1,normal,0.00000,0.00000,0.00001,
3.69183,Right,1,normal,0.00000,0.00000,0.00001,
3.69669,Right,1,normal,0.00000,0.00000,0.00001,
3.70103,Right,1,normal,0.00000,0.00000,0.00001,
3.70533,Right,1,normal,0.00000,0.00000,0.00001,
3.70950,Right,1,normal,0.00000,0.00000,0.00001,
3.71419,Right,1,normal,0.00000,0.00000,0.00001,
3.71847,Right,1,normal,0.00000,0.00000,0.00001,
3.72272,Right,1,normal,0.00000,0.00000,0.00001,
3.72694,Right,1,normal,0.00000,0.00000,0.00001,
3.73124,Right,1,normal,0.00000,0.00000,0.00001,
3.73582,Right,1,normal,0.00000,0.00000,0.00001,
3.74001,Right,1,normal,0.00000,0.00000,0.00001,
3.74414,Right,1,normal,0.00000,0.00000,0.00001,
3.74840,Right,1,normal,0.00000,0.00000,0.00001,
3.75302,Right,1,normal,0.00000,0.00000,0.00001,
3.75721,Right,1,normal,0.00000,0.00000,0.00001,
3.76163,Right,1,normal,0.00000,0.00000,0.00001,
3.76580,Right,1,normal,0.00000,0.00000,0.00001,
3.76993,Right,1,normal,0.00000,0.00000,0.00001,
3.77461,Right,1,normal,0.00000,0.00000,0.00001,
3.77904,Right,1,normal,0.00000,0.00000,0.00001,
3.78322,Right,1,normal,0.00000,0.00000,0.00001,
3.78740,Right,1,normal,0.00000,0.00000,0.00001,
3.79160,Right,1,normal,0.00000,0.00000,0.00001,
3.79620,Right,1,normal,0.00000,0.00000,0.00001,
3.80040,Right,1,normal,0.00000,0.00000,0.00001,
3.80465,Right,1,normal,0.00000,0.00000,0.00001,
3.81741,Right,1,normal,0.00000,0.00000,0.00001,
3.82232,Right,1,normal,0.00000,0.00000,0.00001,
3.83490,Right,1,normal,0.00000,0.00000,0.00001,
3.84185,Right,1,normal,0.00000,0.00000,0.00001,
3.84620,Right,1,normal,0.00000,0.00000,0.00001,
3.85079,Right,1,normal,0.00000,0.00000,0.00001,
3.85603,Right,1,normal,0.00000,0.00000,0.00001,
3.86036,Right,1,normal,0.00000,0.00000,0.00001,
3.86470,Right,1,normal,0.00000,0.00000,0.00001,
3.86912,Right,1,normal,0.00000,0.00000,0.00001,
3.87420,Right,1,normal,0.00000,0.00000,0.00001,
3.87830,Right,1,normal,0.00000,0.00000,0.00001,
3.88254,Right,1,normal,0.00000,0.00000,0.00001,
3.88691,Right,1,normal,0.00000,0.00000,0.00001,
3.89109,Right,1,normal,0.00000,0.00000,0.00001,
3.89592,Right,1,normal,0.00000,0.00000,0.00001,
3.90032,Right,1,normal,0.00000,0.00000,0.00001,
3.90465,Right,1,normal,0.00000,0.00000,0.00001,
3.90904,Right,1,normal,0.00000,0.00000,0.00001,
3.91365,Right,1,normal,0.00000,0.00000,0.00001,
3.91793,Right,1,normal,0.00000,0.00000,0.00001,
3.92231,Right,1,normal,0.00000,0.00000,0.00001,
3.92651,Right,1,normal,0.00000,0.00000,0.00001,
3.93060,Right,1,normal,0.00000,0.00000,0.00001,
3.93540,Right,1,normal,0.00000,0.00000,0.00001,
3.93961,Right,1,normal,0.00000,0.00000,0.00001,
3.94380,Right,1,normal,0.00000,0.00000,0.00001,
3.94801,Right,1,normal,0.00000,0.00000,0.00001,
3.95261,Right,1,normal,0.00000,0.00000,0.00001,
3.95689,Right,1,normal,0.00000,0.00000,0.00001,
3.96969,Right,1,normal,0.00000,0.00000,0.00001,
3.97443,Right,1,normal,0.00000,0.00000,0.00001,
3.97879,Right,1,normal,0.00000,0.00000,0.00001,
3.98313,Right,1,normal,0.00000,0.00000,0.00001,
3.98735,Right,1,normal,0.00000,0.00000,0.00001,
3.99171,Right,1,normal,0.00000,0.00000,0.00001,
3.99634,Right,1,normal,0.00000,0.00000,0.00001,
4.00048,Right,1,normal,0.00000,0.00000,0.00001,
4.00472,Right,1,normal,0.00000,0.00000,0.00001,
4.00901,Right,1,normal,0.00000,0.00000,0.00001,
4.01371,Right,1,normal,0.00000,0.00000,0.00001,
4.01790,Right,1,normal,0.00000,0.00000,0.00001,
4.02212,Right,1,normal,0.00000,0.00000,0.00001,
4.02633,Right,1,normal,0.00000,0.00000,0.00001,
4.03081,Right,1,normal,0.00000,0.00000,0.00001,
4.03732,Right,1,normal,0.00000,0.00000,0.00001,
4.04182,Right,1,normal,0.00000,0.00000,0.00001,
4.04633,Right,1,normal,0.00000,0.00000,0.00001,
4.05094,Right,1,normal,0.00000,0.00000,0.00001,
4.05597,Right,1,normal,0.00000,0.00000,0.00001,
4.06035,Right,1,normal,0.00000,0.00000,0.00001,
4.06463,Right,1,normal,0.00000,0.00000,0.00001,
4.07644,Right,1,normal,0.00000,0.00000,0.00001,
4.08198,Right,1,normal,0.00000,0.00000,0.00001,
4.08641,Right,1,normal,0.00000,0.00000,0.00001,
4.09071,Right,1,normal,0.00000,0.00000,0.00001,
4.09555,Right,1,normal,0.00000,0.00000,0.00001,
4.09981,Right,1,normal,0.00000,0.00000,0.00001,
4.10421,Right,1,normal,0.00000,0.00000,0.00001,
4.10882,Right,1,normal,0.00000,0.00000,0.00001,
4.12199,Right,1,normal,0.00000,0.00000,0.00001,
4.12650,Right,1,normal,0.00000,0.00000,0.00001,
4.13082,Right,1,normal,0.00000,0.00000,0.00001,
4.13569,Right,1,normal,0.00000,0.00000,0.00001,
4.14013,Right,1,normal,0.00000,0.00000,0.00001,
4.14446,Right,1,normal,0.00000,0.00000,0.00001,
4.14882,Right,1,normal,0.00000,0.00000,0.00001,
4.15344,Right,1,normal,0.00000,0.00000,0.00001,
4.15770,Right,1,normal,0.00000,0.00000,0.00001,
4.16198,Right,1,normal,0.00000,0.00000,0.00001,
4.16625,Right,1,normal,0.00000,0.00000,0.00001,
4.17060,Right,1,normal,0.00000,0.00000,0.00001,
4.17533,Right,1,normal,0.00000,0.00000,0.00001,
4.17950,Right,1,normal,0.00000,0.00000,0.00001,
4.18380,Right,1,normal,0.00000,0.00000,0.00001,
4.18829,Right,1,normal,0.00000,0.00000,0.00001,
4.19310,Right,1,normal,0.00000,0.00000,0.00001,
4.19729,Right,1,normal,0.00000,0.00000,0.00001,
4.20157,Right,1,normal,0.00000,0.00000,0.00001,
4.20591,Right,1,normal,0.00000,0.00000,0.00001,
4.21006,Right,1,normal,0.00000,0.00000,0.00001,
4.21463,Right,1,normal,0.00000,0.00000,0.00001,
4.21892,Right,1,normal,0.00000,0.00000,0.00001,
4.22311,Right,1,normal,0.00000,0.00000,0.00001,
4.22728,Right,1,normal,0.00000,0.00000,0.00001,
4.23172,Right,1,normal,0.00000,0.00000,0.00001,
4.23799,Right,1,normal,0.00000,0.00000,0.00001,
4.24231,Right,1,normal,0.00000,0.00000,0.00001,
4.24664,Right,1,normal,0.00000,0.00000,0.00001,
4.25085,Right,1,normal,0.00000,0.00000,0.00001,
4.25599,Right,1,normal,0.00000,0.00000,0.00001,
4.26030,Right,1,normal,0.00000,0.00000,0.00001,
4.27327,Right,1,normal,0.00000,0.00000,0.00001,
4.27811,Right,1,normal,0.00000,0.00000,0.00001,
4.28231,Right,1,normal,0.00000,0.00000,0.00001,
4.28646,Right,1,normal,0.00000,0.00000,0.00001,
4.29059,Right,1,normal,0.00000,0.00000,0.00001,
4.29525,Right,1,normal,0.00000,0.00000,0.00001,
4.29943,Right,1,normal,0.00000,0.00000,0.00001,
4.30369,Right,1,normal,0.00000,0.00000,0.00001,
4.30801,Right,1,normal,0.00000,0.00000,0.00001,
4.31263,Right,1,normal,0.00000,0.00000,0.00001,
4.32508,Right,1,normal,0.00000,0.00000,0.00001,
4.32974,Right,1,normal,0.00000,0.00000,0.00001,
4.33451,Right,1,normal,0.00000,0.00000,0.00001,
4.33890,Right,1,normal,0.00000,0.00000,0.00001,
4.34321,Right,1,normal,0.00000,0.00000,0.00001,
4.34742,Right,1,normal,0.00000,0.00000,0.00001,
4.35171,Right,1,normal,0.00000,0.00000,0.00001,
4.35692,Right,1,normal,0.00000,0.00000,0.00001,
4.36111,Right,1,normal,0.00000,0.00000,0.00001,
4.36530,Right,1,normal,0.00000,0.00000,0.00001,
4.36943,Right,1,normal,0.00000,0.00000,0.00001,
4.37421,Right,1,normal,0.00000,0.00000,0.00001,
4.37836,Right,1,normal,0.00000,0.00000,0.00001,
4.38253,Right,1,normal,0.00000,0.00000,0.00001,
4.38669,Right,1,normal,0.00000,0.00000,0.00001,
4.39092,Right,1,normal,0.00000,0.00000,0.00001,
4.39554,Right,1,normal,0.00000,0.00000,0.00001,
4.40000,Right,1,normal,0.00000,0.00000,0.00001,
4.40422,Right,1,normal,0.00000,0.00000,0.00001,
4.40861,Right,1,normal,0.00000,0.00000,0.00001,
4.41328,Right,1,normal,0.00000,0.00000,0.00001,
4.42615,Right,1,normal,0.00000,0.00000,0.00001,
4.43062,Right,1,normal,0.00000,0.00000,0.00001,
4.43544,Right,1,normal,0.00000,0.00000,0.00001,
4.44141,Right,1,normal,0.00000,0.00000,0.00001,
4.44570,Right,1,normal,0.00000,0.00000,0.00001,
4.45011,Right,1,normal,0.00000,0.00000,0.00001,
4.45475,Right,1,normal,0.00000,0.00000,0.00001,
4.45901,Right,1,normal,0.00000,0.00000,0.00001,
4.46322,Right,1,normal,0.00000,0.00000,0.00001,
4.46753,Right,1,normal,0.00000,0.00000,0.00001,
4.47171,Right,1,normal,0.00000,0.00000,0.00001,
4.47628,Right,1,normal,0.00000,0.00000,0.00001,
4.48041,Right,1,normal,0.00000,0.00000,0.00001,
4.48460,Right,1,normal,0.00000,0.00000,0.00001,
4.48880,Right,1,normal,0.00000,0.00000,0.00001,
4.49348,Right,1,normal,0.00000,0.00000,0.00001,
4.49790,Right,1,normal,0.00000,0.00000,0.00001,
4.50212,Right,1,normal,0.00000,0.00000,0.00001,
4.50642,Right,1,normal,0.00000,0.00000,0.00001,
4.51080,Right,1,normal,0.00000,0.00000,0.00001,
4.51550,Right,1,normal,0.00000,0.00000,0.00001,
4.51986,Right,1,normal,0.00000,0.00000,0.00001,
4.52413,Right,1,normal,0.00000,0.00000,0.00001,
4.52824,Right,1,normal,0.00000,0.00000,0.00001,
4.53283,Right,1,normal,0.00000,0.00000,0.00001,
4.53711,Right,1,normal,0.00000,0.00000,0.00001,
4.54119,Right,1,normal,0.00000,0.00000,0.00001,
4.54532,Right,1,normal,0.00000,0.00000,0.00001,
4.54952,Right,1,normal,0.00000,0.00000,0.00001,
4.55411,Right,1,normal,0.00000,0.00000,0.00001,
4.56580,Right,1,normal,0.00000,0.00000,0.00001,
4.57045,Right,1,normal,0.00000,0.00000,0.00001,
4.58354,Right,1,normal,0.00000,0.00000,0.00001,
4.58793,Right,1,normal,0.00000,0.00000,0.00001,
4.59260,Right,1,normal,0.00000,0.00000,0.00001,
4.59692,Right,1,normal,0.00000,0.00000,0.00001,
4.60124,Right,1,normal,0.00000,0.00000,0.00001,
4.60595,Right,1,normal,0.00000,0.00000,0.00001,
4.61024,Right,1,normal,0.00000,0.00000,0.00001,
4.61520,Right,1,normal,0.00000,0.00000,0.00001,
4.61942,Right,1,normal,0.00000,0.00000,0.00001,
4.62373,Right,1,normal,0.00000,0.00000,0.00001,
4.62800,Right,1,normal,0.00000,0.00000,0.00001,
4.63270,Right,1,normal,0.00000,0.00000,0.00001,
4.63688,Right,1,normal,0.00000,0.00000,0.00001,
4.64294,Right,1,normal,0.00000,0.00000,0.00001,
4.64723,Right,1,normal,0.00000,0.00000,0.00001,
4.65144,Right,1,normal,0.00000,0.00000,0.00001,
4.65620,Right,1,normal,0.00000,0.00000,0.00001,
4.66033,Right,1,normal,0.00000,0.00000,0.00001,
4.66460,Right,1,normal,0.00000,0.00000,0.00001,
4.66879,Right,1,normal,0.00000,0.00000,0.00001,
4.67333,Right,1,normal,0.00000,0.00000,0.00001,
4.67770,Right,1,normal,0.00000,0.00000,0.00001,
4.68191,Right,1,normal,0.00000,0.00000,0.00001,
4.68605,Right,1,normal,0.00000,0.00000,0.00001,
4.69019,Right,1,normal,0.00000,0.00000,0.00001,
4.69512,Right,1,normal,0.00000,0.00000,0.00001,
4.69921,Right,1,normal,0.00000,0.00000,0.00001,
4.70346,Right,1,normal,0.00000,0.00000,0.00001,
4.70760,Right,1,normal,0.00000,0.00000,0.00001,
0.00000,Left,1,normal,0.00000,0.00000,0.00000,
0.01489,Left,1,normal,0.00000,0.00000,0.00000,
0.02122,Left,1,normal,0.00000,0.00000,0.00000,
0.02651,Left,1,normal,0.00000,0.00000,0.00000,
0.03133,Left,1,normal,0.00000,0.00000,0.00000,
0.03675,Left,1,normal,0.00000,0.00000,0.00000,
0.04159,Left,1,normal,0.00000,0.00000,0.00000,
0.04628,Left,1,normal,0.00000,0.00000,0.00000,
0.05121,Left,1,normal,0.00000,0.00000,0.00000,
0.05661,Left,1,normal,0.00000,0.00000,0.00000,
0.06163,Left,1,normal,0.00000,0.00000,0.00000,
0.06665,Left,1,normal,0.00000,0.00000,0.00000,
0.07159,Left,1,normal,0.00000,0.00000,0.00000,
0.07703,Left,1,normal,0.00000,0.00000,0.00000,
0.09072,Left,1,normal,0.00000,0.00000,0.00000,
0.09844,Left,1,normal,0.00000,0.00000,0.00000,
0.10349,Left,1,normal,0.00000,0.00000,0.00000,
0.10815,Left,1,normal,0.00000,0.00000,0.00000,
0.11287,Left,1,normal,0.00000,0.00000,0.00000,
0.11876,Left,1,normal,0.00000,0.00000,0.00000,
0.12349,Left,1,normal,0.00000,0.00000,0.00000,
0.12831,Left,1,normal,0.00000,0.00000,0.00000,
0.13309,Left,1,normal,0.00000,0.00000,0.00000,
0.13831,Left,1,normal,0.00000,0.00000,0.00000,
0.14295,Left,1,normal,0.00000,0.00000,0.00000,
0.14756,Left,1,normal,0.00000,0.00000,0.00000,
0.15253,Left,1,normal,0.00000,0.00000,0.00000,
0.16843,Left,1,normal,0.00000,0.00000,0.00000,
0.18267,Left,1,normal,0.00000,0.00000,0.00000,
0.19617,Left,1,normal,0.00000,0.00000,0.00000,
0.20914,Left,1,normal,0.00000,0.00000,0.00000,
0.21401,Left,1,normal,0.00000,0.00000,0.00000,
0.21848,Left,1,normal,0.00000,0.00000,0.00000,
0.22275,Left,1,normal,0.00000,0.00000,0.00000,
0.22721,Left,1,normal,0.00000,0.00000,0.00000,
0.23153,Left,1,normal,0.00000,0.00000,0.00000,
0.23651,Left,1,normal,0.00000,0.00000,0.00000,
0.24088,Left,1,normal,0.00000,0.00000,0.00000,
0.24519,Left,1,normal,0.00000,0.00000,0.00000,
0.24940,Left,1,normal,0.00000,0.00000,0.00000,
0.25412,Left,1,normal,0.00000,0.00000,0.00000,
0.25860,Left,1,normal,0.00000,0.00000,0.00000,
0.26281,Left,1,normal,0.00000,0.00000,0.00000,
0.26719,Left,1,normal,0.00000,0.00000,0.00000,
0.27161,Left,1,normal,0.00000,0.00000,0.00000,
0.27642,Left,1,normal,0.00000,0.00000,0.00000,
0.28076,Left,1,normal,0.00000,0.00000,0.00000,
0.28509,Left,1,normal,0.00000,0.00000,0.00000,
0.28941,Left,1,normal,0.00000,0.00000,0.00000,
0.29594,Left,1,normal,0.00000,0.00000,0.00000,
0.30042,Left,1,normal,0.00000,0.00000,0.00000,
0.30479,Left,1,normal,0.00000,0.00000,0.00000,
0.31775,Left,1,normal,0.00000,0.00000,0.00000,
0.32270,Left,1,normal,0.00000,0.00000,0.00000,
0.32699,Left,1,normal,0.00000,0.00000,0.00000,
0.33121,Left,1,normal,0.00000,0.00000,0.00000,
0.33600,Left,1,normal,0.00000,0.00000,0.00000,
0.34042,Left,1,normal,0.00000,0.00000,0.00000,
0.34472,Left,1,normal,0.00000,0.00000,0.00000,
0.34900,Left,1,normal,0.00000,0.00000,0.00000,
0.36167,Left,1,normal,0.00000,0.00000,0.00000,
0.36694,Left,1,normal,0.00000,0.00000,0.00000,
0.37130,Left,1,normal,0.00000,0.00000,0.00000,
0.37609,Left,1,normal,0.00000,0.00000,0.00000,
0.38037,Left,1,normal,0.00000,0.00000,0.00000,
0.38489,Left,1,normal,0.00000,0.00000,0.00000,
0.38925,Left,1,normal,0.00000,0.00000,0.00000,
0.39389,Left,1,normal,0.00000,0.00000,0.00000,
0.39809,Left,1,normal,0.00000,0.00000,0.00000,
0.40240,Left,1,normal,0.00000,0.00000,0.00000,
0.40672,Left,1,normal,0.00000,0.00000,0.00000,
0.41109,Left,1,normal,0.00000,0.00000,0.00000,
0.41604,Left,1,normal,0.00000,0.00000,0.00000,
0.42052,Left,1,normal,0.00000,0.00000,0.00000,
0.42511,Left,1,normal,0.00000,0.00000,0.00000,
0.42958,Left,1,normal,0.00000,0.00000,0.00000,
0.43473,Left,1,normal,0.00000,0.00000,0.00000,
0.43925,Left,1,normal,0.00000,0.00000,0.00000,
0.44382,Left,1,normal,0.00000,0.00000,0.00000,
0.44847,Left,1,normal,0.00000,0.00000,0.00000,
0.45360,Left,1,normal,0.00000,0.00000,0.00000,
0.45830,Left,1,normal,0.00000,0.00000,0.00000,
0.47129,Left,1,normal,0.00000,0.00000,0.00000,
0.47620,Left,1,normal,0.00000,0.00000,0.00000,
0.48059,Left,1,normal,0.00000,0.00000,0.00000,
0.48491,Left,1,normal,0.00000,0.00000,0.00000,
0.48932,Left,1,normal,0.00000,0.00000,0.00000,
0.49410,Left,1,normal,0.00000,0.00000,0.00000,
0.50025,Left,1,normal,0.00000,0.00000,0.00000,
0.50480,Left,1,normal,0.00000,0.00000,0.00000,
0.50920,Left,1,normal,0.00000,0.00000,0.00000,
0.51396,Left,1,normal,0.00000,0.00000,0.00000,
0.51839,Left,1,normal,0.00000,0.00000,0.00000,
0.52259,Left,1,normal,0.00000,0.00000,0.00000,
0.52693,Left,1,normal,0.00000,0.00000,0.00000,
0.53121,Left,1,normal,0.00000,0.00000,0.00000,
0.53598,Left,1,normal,0.00000,0.00000,0.00000,
0.54036,Left,1,normal,0.00000,0.00000,0.00000,
0.54465,Left,1,normal,0.00000,0.00000,0.00000,
0.54898,Left,1,normal,0.00000,0.00000,0.00000,
0.55380,Left,1,normal,0.00000,0.00000,0.00000,
0.55809,Left,1,normal,0.00000,0.00000,0.00000,
0.56238,Left,1,normal,0.00000,0.00000,0.00000,
0.56681,Left,1,normal,0.00000,0.00000,0.00000,
0.57099,Left,1,normal,0.00000,0.00000,0.00000,
0.57590,Left,1,normal,0.00000,0.00000,0.00000,
0.58021,Left,1,normal,0.00000,0.00000,0.00000,
0.58438,Left,1,normal,0.00000,0.00000,0.00000,
0.58852,Left,1,normal,0.00000,0.00000,0.00000,
0.59371,Left,1,normal,0.00000,0.00000,0.00000,
0.59789,Left,1,normal,0.00000,0.00000,0.00000,
0.60210,Left,1,normal,0.00000,0.00000,0.00000,
0.60626,Left,1,normal,0.00000,0.00000,0.00000,
0.61880,Left,1,normal,0.00000,0.00000,0.00000,
0.63315,Left,1,normal,0.00000,0.00000,0.00000,
0.63850,Left,1,normal,0.00000,0.00000,0.00000,
0.64299,Left,1,normal,0.00000,0.00000,0.00000,
0.64738,Left,1,normal,0.00000,0.00000,0.00000,
0.65179,Left,1,normal,0.00000,0.00000,0.00000,
0.65672,Left,1,normal,0.00000,0.00000,0.00000,
0.66101,Left,1,normal,0.00000,0.00000,-0.00484,
0.66584,Left,1,normal,0.00000,0.00000,-0.00980,
0.67081,Left,1,normal,0.00000,0.00000,-0.01510,
0.67611,Left,1,normal,0.00000,0.00000,-0.01994,
0.68095,Left,1,normal,0.00000,0.00000,-0.03378,
0.69478,Left,1,normal,0.00000,0.00000,-0.04947,
0.71048,Left,1,normal,0.00000,0.00000,-0.06438,
0.72539,Left,1,normal,0.00000,0.00000,-0.07783,
0.73884,Left,1,normal,0.00000,0.00000,-0.09292,
0.75393,Left,1,normal,0.00000,0.00000,-0.10701,
0.76802,Left,1,normal,0.00000,0.00000,-0.12155,
0.78255,Left,1,normal,0.00000,0.00000,-0.13553,
0.79654,Left,1,normal,0.00000,0.00000,-0.14915,
0.81016,Left,1,normal,0.00000,0.00000,-0.16401,
0.82502,Left,1,normal,0.00000,0.00000,-0.17735,
0.83836,Left,1,normal,0.00000,0.00000,-0.19208,
0.85309,Left,1,normal,0.00000,0.00000,-0.20603,
0.86704,Left,1,normal,0.00000,0.00000,-0.22005,
0.88106,Left,1,normal,0.00000,0.00000,-0.23394,
0.89495,Left,1,normal,0.00000,0.00000,-0.25074,
0.91174,Left,1,normal,0.00000,0.00000,-0.25074,
0.92617,Left,1,normal,0.00000,0.00000,-0.25074,
0.94633,Left,1,normal,0.00000,0.00000,-0.25074,
0.96697,Left,1,normal,0.00000,0.00000,-0.25074,
0.97261,Left,1,normal,0.00000,0.00000,-0.25074,
0.97772,Left,1,normal,0.00000,0.00000,-0.25074,
0.98206,Left,1,normal,0.00000,0.00000,-0.25074,
0.98650,Left,1,normal,0.00000,0.00000,-0.25074,
0.99090,Left,1,normal,0.00000,0.00000,-0.25074,
0.99559,Left,1,normal,0.00000,0.00000,-0.25074,
0.99989,Left,1,normal,0.00000,0.00000,-0.25074,
1.00419,Left,1,normal,0.00000,0.00000,-0.25074,
1.00869,Left,1,normal,0.00000,0.00000,-0.25074,
1.01350,Left,1,normal,0.00000,0.00000,-0.25074,
1.01792,Left,1,normal,0.00000,0.00000,-0.25074,
1.02219,Left,1,normal,0.00000,0.00000,-0.25074,
1.02659,Left,1,normal,0.00000,0.00000,-0.25074,
1.03086,Left,1,normal,0.00000,0.00000,-0.25074,
1.03569,Left,1,normal,0.00000,0.00000,-0.25074,
1.04025,Left,1,normal,0.00000,0.00000,-0.25074,
1.04469,Left,1,normal,0.00000,0.00000,-0.25074,
1.04908,Left,1,normal,0.00000,0.00000,-0.25074,
1.05371,Left,1,normal,0.00000,0.00000,-0.25074,
1.05800,Left,1,normal,0.00000,0.00000,-0.25074,
1.06223,Left,1,normal,0.00000,0.00000,-0.25074,
1.06659,Left,1,normal,0.00000,0.00000,-0.25074,
1.07103,Left,1,normal,0.00000,0.00000,-0.25074,
1.07570,Left,1,normal,0.00000,0.00000,-0.25074,
1.08005,Left,1,normal,0.00000,0.00000,-0.25074,
1.09283,Left,1,normal,0.00000,0.00000,-0.25074,
1.09752,Left,1,normal,0.00000,0.00000,-0.25074,
1.10383,Left,1,normal,0.00000,0.00000,-0.25074,
1.10818,Left,1,normal,0.00000,0.00000,-0.25074,
1.11252,Left,1,normal,0.00000,0.00000,-0.25074,
1.11741,Left,1,normal,0.00000,0.00000,-0.25074,
1.12164,Left,1,normal,0.00000,0.00000,-0.25074,
1.12588,Left,1,normal,0.00000,0.00000,-0.25074,
1.13021,Left,1,normal,0.00000,0.00000,-0.25074,
1.13499,Left,1,normal,0.00000,0.00000,-0.25074,
1.13934,Left,1,normal,0.00000,0.00000,-0.25074,
1.14365,Left,1,normal,0.00000,0.00000,-0.25074,
1.14801,Left,1,normal,0.00000,0.00000,-0.25074,
1.15261,Left,1,normal,0.00000,0.00000,-0.25074,
1.15749,Left,1,normal,0.00000,0.00000,-0.24595,
1.16228,Left,1,normal,0.00000,0.00000,-0.24091,
1.16731,Left,1,normal,0.00000,0.00000,-0.23598,
1.17225,Left,1,normal,0.00000,0.00000,-0.23073,
1.17750,Left,1,normal,0.00000,0.00000,-0.21746,
1.19077,Left,1,normal,0.00000,0.00000,-0.19584,
1.21239,Left,1,normal,0.00000,0.00000,-0.18053,
1.22769,Left,1,normal,0.00000,0.00000,-0.16698,
1.24125,Left,1,normal,0.00000,0.00000,-0.15138,
1.25685,Left,1,normal,0.00000,0.00000,-0.13750,
1.27073,Left,1,normal,0.00000,0.00000,-0.12337,
1.28485,Left,1,normal,0.00000,0.00000,-0.10899,
1.29924,Left,1,normal,0.00000,0.00000,-0.09264,
1.31558,Left,1,normal,0.00000,0.00000,-0.07745,
1.33078,Left,1,normal,0.00000,0.00000,-0.06299,
1.34524,Left,1,normal,0.00000,0.00000,-0.04855,
1.35968,Left,1,normal,0.00000,0.00000,-0.03448,
1.37375,Left,1,normal,0.00000,0.00000,-0.01954,
1.38868,Left,1,normal,0.00000,0.00000,-0.00549,
1.40274,Left,1,normal,0.00000,0.00000,-0.00549,
1.41744,Left,1,normal,0.00000,0.00000,-0.00549,
1.43036,Left,1,normal,0.00000,0.00000,-0.00549,
1.43570,Left,1,normal,0.00000,0.00000,-0.00549,
1.44019,Left,1,normal,0.00000,0.00000,-0.00549,
1.44453,Left,1,normal,0.00000,0.00000,-0.00549,
1.44888,Left,1,normal,0.00000,0.00000,-0.00549,
1.45752,Left,1,normal,0.00000,0.00000,-0.00549,
1.46191,Left,1,normal,0.00000,0.00000,-0.00549,
1.46639,Left,1,normal,0.00000,0.00000,-0.00549,
1.47058,Left,1,normal,0.00000,0.00000,-0.00549,
1.47539,Left,1,normal,0.00000,0.00000,-0.00549,
1.47976,Left,1,normal,0.00000,0.00000,-0.00549,
1.48409,Left,1,normal,0.00000,0.00000,-0.00549,
1.49093,Left,1,normal,0.00000,0.00000,-0.00549,
1.49572,Left,1,normal,0.00000,0.00000,-0.00549,
1.50009,Left,1,normal,0.00000,0.00000,-0.00549,
1.50620,Left,1,normal,0.00000,0.00000,-0.00549,
1.51069,Left,1,normal,0.00000,0.00000,-0.00549,
1.51550,Left,1,normal,0.00000,0.00000,-0.00549,
1.52292,Left,1,normal,0.00000,0.00000,-0.00549,
1.53334,Left,1,normal,0.00000,0.00000,-0.00549,
1.54276,Left,1,normal,0.00000,0.00000,-0.00549,
1.54729,Left,1,normal,0.00000,0.00000,-0.00549,
1.55169,Left,1,normal,0.00000,0.00000,-0.00549,
1.55729,Left,1,normal,0.00000,0.00000,-0.00549,
1.57063,Left,1,normal,0.00000,0.00000,-0.00549,
1.57570,Left,1,normal,0.00000,0.00000,-0.00549,
1.58022,Left,1,normal,0.00000,0.00000,-0.00549,
1.58531,Left,1,normal,0.00000,0.00000,-0.00549,
1.58970,Left,1,normal,0.00000,0.00000,-0.00549,
1.59451,Left,1,normal,0.00000,0.00000,-0.00549,
1.59887,Left,1,normal,0.00000,0.00000,-0.00549,
1.60331,Left,1,normal,0.00000,0.00000,-0.00549,
1.60759,Left,1,normal,0.00000,0.00000,-0.00549,
1.61190,Left,1,normal,0.00000,0.00000,-0.00549,
1.61677,Left,1,normal,0.00000,0.00000,-0.00549,
1.62256,Left,1,normal,0.00000,0.00000,-0.00549,
1.62690,Left,1,normal,0.00000,0.00000,-0.00549,
1.63121,Left,1,normal,0.00000,0.00000,-0.00549,
1.63601,Left,1,normal,0.00000,0.00000,-0.00549,
1.64029,Left,1,normal,0.00000,0.00000,-0.00549,
1.64471,Left,1,normal,0.00000,0.00000,-0.00549,
1.64910,Left,1,normal,0.00000,0.00000,-0.00549,
1.65649,Left,1,normal,0.00000,0.00000,-0.00549,
1.66090,Left,1,normal,0.00000,0.00000,-0.00549,
1.66527,Left,1,normal,0.00000,0.00000,-0.00549,
1.66948,Left,1,normal,0.00000,0.00000,-0.00549,
1.67428,Left,1,normal,0.00000,0.00000,-0.00549,
1.67851,Left,1,normal,0.00000,0.00000,-0.00549,
1.68280,Left,1,normal,0.00000,0.00000,-0.00549,
1.68961,Left,1,normal,0.00000,0.00000,-0.00549,
1.69465,Left,1,normal,0.00000,0.00000,-0.00549,
1.69898,Left,1,normal,0.00000,0.00000,-0.00549,
1.70345,Left,1,normal,0.00000,0.00000,-0.00549,
1.70969,Left,1,normal,0.00000,0.00000,-0.00549,
1.72346,Left,1,normal,0.00000,0.00000,-0.00549,
1.72809,Left,1,normal,0.00000,0.00000,-0.00549,
1.73259,Left,1,normal,0.00000,0.00000,-0.00549,
1.73737,Left,1,normal,0.00000,0.00000,-0.00549,
1.74191,Left,1,normal,0.00000,0.00000,-0.00549,
1.74639,Left,1,normal,0.00000,0.00000,-0.00549,
1.75081,Left,1,normal,0.00000,0.00000,-0.00549,
1.75586,Left,1,normal,0.00000,0.00000,-0.00549,
1.76009,Left,1,normal,0.00000,0.00000,-0.00549,
1.76451,Left,1,normal,0.00000,0.00000,-0.00549,
1.76889,Left,1,normal,0.00000,0.00000,-0.00549,
1.77380,Left,1,normal,0.00000,0.00000,-0.00549,
1.77823,Left,1,normal,0.00000,0.00000,-0.00549,
1.78260,Left,1,normal,0.00000,0.00000,-0.00549,
1.78980,Left,1,normal,0.00000,0.00000,-0.00549,
1.79463,Left,1,normal,0.00000,0.00000,-0.00549,
1.79901,Left,1,normal,0.00000,0.00000,-0.00549,
1.80341,Left,1,normal,0.00000,0.00000,-0.00549,
1.81627,Left,1,normal,0.00000,0.00000,-0.00549,
1.82152,Left,1,normal,0.00000,0.00000,-0.00549,
1.82610,Left,1,normal,0.00000,0.00000,-0.00549,
1.83043,Left,1,normal,0.00000,0.00000,-0.00549,
1.83521,Left,1,normal,0.00000,0.00000,-0.00549,
1.83954,Left,1,normal,0.00000,0.00000,-0.00549,
1.84387,Left,1,normal,0.00000,0.00000,-0.00549,
1.84824,Left,1,normal,0.00000,0.00000,-0.00549,
1.85268,Left,1,normal,0.00000,0.00000,-0.00549,
1.85757,Left,1,normal,0.00000,0.00000,-0.00549,
1.86210,Left,1,normal,0.00000,0.00000,-0.01884,
1.87546,Left,1,normal,0.00000,0.00000,-0.02459,
1.88120,Left,1,normal,0.00000,0.00000,-0.03833,
1.89495,Left,1,normal,0.00000,0.00000,-0.05205,
1.90867,Left,1,normal,0.00000,0.00000,-0.06872,
1.92534,Left,1,normal,0.00000,0.00000,-0.08212,
1.93874,Left,1,normal,0.00000,0.00000,-0.09666,
1.95327,Left,1,normal,0.00000,0.00000,-0.11042,
1.96703,Left,1,normal,0.00000,0.00000,-0.12502,
1.98163,Left,1,normal,0.00000,0.00000,-0.13936,
1.99597,Left,1,normal,0.00000,0.00000,-0.15476,
2.01138,Left,1,normal,0.00000,0.00000,-0.16926,
2.02587,Left,1,normal,0.00000,0.00000,-0.18437,
2.04099,Left,1,normal,0.00000,0.00000,-0.19915,
2.05577,Left,1,normal,0.00000,0.00000,-0.21354,
2.07016,Left,1,normal,0.00000,0.00000,-0.22892,
2.08554,Left,1,normal,0.00000,0.00000,-0.24275,
2.09936,Left,1,normal,0.00000,0.00000,-0.25816,
2.11477,Left,1,normal,0.00000,0.00000,-0.27418,
2.13079,Left,1,normal,0.00000,0.00000,-0.29556,
2.15218,Left,1,normal,0.00000,0.00000,-0.31700,
2.17361,Left,1,normal,0.00000,0.00000,-0.33244,
2.18905,Left,1,normal,0.00000,0.00000,-0.34693,
2.20354,Left,1,normal,0.00000,0.00000,-0.36154,
2.21816,Left,1,normal,0.00000,0.00000,-0.37593,
2.23254,Left,1,normal,0.00000,0.00000,-0.39135,
2.24796,Left,1,normal,0.00000,0.00000,-0.40535,
2.26197,Left,1,normal,0.00000,0.00000,-0.42102,
2.27764,Left,1,normal,0.00000,0.00000,-0.43532,
2.29193,Left,1,normal,0.00000,0.00000,-0.45044,
2.30706,Left,1,normal,0.00000,0.00000,-0.45044,
2.32120,Left,1,normal,0.00000,0.00000,-0.45044,
2.33716,Left,1,normal,0.00000,0.00000,-0.45044,
2.35022,Left,1,normal,0.00000,0.00000,-0.45044,
2.36273,Left,1,normal,0.00000,0.00000,-0.45044,
2.36720,Left,1,normal,0.00000,0.00000,-0.45044,
2.37164,Left,1,normal,0.00000,0.00000,-0.45044,
2.37640,Left,1,normal,0.00000,0.00000,-0.45044,
2.38063,Left,1,normal,0.00000,0.00000,-0.45044,
2.38477,Left,1,normal,0.00000,0.00000,-0.45044,
2.38902,Left,1,normal,0.00000,0.00000,-0.45044,
2.39359,Left,1,normal,0.00000,0.00000,-0.45044,
2.39769,Left,1,normal,0.00000,0.00000,-0.45044,
2.40191,Left,1,normal,0.00000,0.00000,-0.45044,
2.40625,Left,1,normal,0.00000,0.00000,-0.45044,
2.41060,Left,1,normal,0.00000,0.00000,-0.45044,
2.41520,Left,1,normal,0.00000,0.00000,-0.45044,
2.41967,Left,1,normal,0.00000,0.00000,-0.45044,
2.42422,Left,1,normal,0.00000,0.00000,-0.45044,
2.42863,Left,1,normal,0.00000,0.00000,-0.45044,
2.43360,Left,1,normal,0.00000,0.00000,-0.45044,
2.43784,Left,1,normal,0.00000,0.00000,-0.45044,
2.44210,Left,1,normal,0.00000,0.00000,-0.45044,
2.44652,Left,1,normal,0.00000,0.00000,-0.45044,
2.45766,Left,1,normal,0.00000,0.00000,-0.45044,
2.46847,Left,1,normal,0.00000,0.00000,-0.45044,
2.47361,Left,1,normal,0.00000,0.00000,-0.45044,
2.47796,Left,1,normal,0.00000,0.00000,-0.45044,
2.48232,Left,1,normal,0.00000,0.00000,-0.45044,
2.48676,Left,1,normal,0.00000,0.00000,-0.45044,
2.49107,Left,1,normal,0.00000,0.00000,-0.45044,
2.49579,Left,1,normal,0.00000,0.00000,-0.45044,
2.50028,Left,1,normal,0.00000,0.00000,-0.45044,
2.51355,Left,1,normal,0.00000,0.00000,-0.45044,
2.51848,Left,1,normal,0.00000,0.00000,-0.45044,
2.52271,Left,1,normal,0.00000,0.00000,-0.45044,
2.52888,Left,1,normal,0.00000,0.00000,-0.45044,
2.53379,Left,1,normal,0.00000,0.00000,-0.45044,
2.53809,Left,1,normal,0.00000,0.00000,-0.45044,
2.54241,Left,1,normal,0.00000,0.00000,-0.45044,
2.54668,Left,1,normal,0.00000,0.00000,-0.45044,
2.55089,Left,1,normal,0.00000,0.00000,-0.45044,
2.55573,Left,1,normal,0.00000,0.00000,-0.45044,
2.56008,Left,1,normal,0.00000,0.00000,-0.45044,
2.56437,Left,1,normal,0.00000,0.00000,-0.45044,
2.56871,Left,1,normal,0.00000,0.00000,-0.45044,
2.57349,Left,1,normal,0.00000,0.00000,-0.45044,
2.57777,Left,1,normal,0.00000,0.00000,-0.45044,
2.58195,Left,1,normal,0.00000,0.00000,-0.45044,
2.58631,Left,1,normal,0.00000,0.00000,-0.44575,
2.59100,Left,1,normal,0.00000,0.00000,-0.44059,
2.59617,Left,1,normal,0.00000,0.00000,-0.43555,
2.60120,Left,1,normal,0.00000,0.00000,-0.43086,
2.60589,Left,1,normal,0.00000,0.00000,-0.43086,
2.62050,Left,1,normal,0.00000,0.00000,-0.43086,
2.63369,Left,1,normal,0.00000,0.00000,-0.43086,
2.64775,Left,1,normal,0.00000,0.00000,-0.43086,
2.66012,Left,1,normal,0.00000,0.00000,-0.43086,
2.67313,Left,1,normal,0.00000,0.00000,-0.43086,
2.67822,Left,1,normal,0.00000,0.00000,-0.42593,
2.68315,Left,1,normal,0.00000,0.00000,-0.42091,
2.68818,Left,1,normal,0.00000,0.00000,-0.41586,
2.69322,Left,1,normal,0.00000,0.00000,-0.40115,
2.70793,Left,1,normal,0.00000,0.00000,-0.38745,
2.72163,Left,1,normal,0.00000,0.00000,-0.37201,
2.73707,Left,1,normal,0.00000,0.00000,-0.35551,
2.75357,Left,1,normal,0.00000,0.00000,-0.34020,
2.76888,Left,1,normal,0.00000,0.00000,-0.31957,
2.78951,Left,1,normal,0.00000,0.00000,-0.29764,
2.81144,Left,1,normal,0.00000,0.00000,-0.28265,
2.82643,Left,1,normal,0.00000,0.00000,-0.26720,
2.84188,Left,1,normal,0.00000,0.00000,-0.25191,
2.85717,Left,1,normal,0.00000,0.00000,-0.23643,
2.87265,Left,1,normal,0.00000,0.00000,-0.22204,
2.88705,Left,1,normal,0.00000,0.00000,-0.20684,
2.90224,Left,1,normal,0.00000,0.00000,-0.19235,
2.91673,Left,1,normal,0.00000,0.00000,-0.17669,
2.93240,Left,1,normal,0.00000,0.00000,-0.16207,
2.94701,Left,1,normal,0.00000,0.00000,-0.14456,
2.96452,Left,1,normal,0.00000,0.00000,-0.12958,
2.97950,Left,1,normal,0.00000,0.00000,-0.11360,
2.99548,Left,1,normal,0.00000,0.00000,-0.09890,
3.01019,Left,1,normal,0.00000,0.00000,-0.08314,
3.02594,Left,1,normal,0.00000,0.00000,-0.06892,
3.04016,Left,1,normal,0.00000,0.00000,-0.05301,
3.05607,Left,1,normal,0.00000,0.00000,-0.03821,
3.07087,Left,1,normal,0.00000,0.00000,-0.03821,
3.08696,Left,1,normal,0.00000,0.00000,-0.03821,
3.09974,Left,1,normal,0.00000,0.00000,-0.03821,
3.11368,Left,1,normal,0.00000,0.00000,-0.03821,
3.12769,Left,1,normal,0.00000,0.00000,-0.03821,
3.13966,Left,1,normal,0.00000,0.00000,-0.03821,
3.14500,Left,1,normal,0.00000,0.00000,-0.03821,
3.15577,Left,1,normal,0.00000,0.00000,-0.03821,
3.16929,Left,1,normal,0.00000,0.00000,-0.03821,
3.17560,Left,1,normal,0.00000,0.00000,-0.03821,
3.18005,Left,1,normal,0.00000,0.00000,-0.03821,
3.18460,Left,1,normal,0.00000,0.00000,-0.03821,
3.18899,Left,1,normal,0.00000,0.00000,-0.03821,
3.19392,Left,1,normal,0.00000,0.00000,-0.03821,
3.19814,Left,1,normal,0.00000,0.00000,-0.03821,
3.20252,Left,1,normal,0.00000,0.00000,-0.03821,
3.20691,Left,1,normal,0.00000,0.00000,-0.03821,
3.21117,Left,1,normal,0.00000,0.00000,-0.03821,
3.21631,Left,1,normal,0.00000,0.00000,-0.03821,
3.22054,Left,1,normal,0.00000,0.00000,-0.03821,
3.22500,Left,1,normal,0.00000,0.00000,-0.03821,
3.22946,Left,1,normal,0.00000,0.00000,-0.03821,
3.23422,Left,1,normal,0.00000,0.00000,-0.03821,
3.23858,Left,1,normal,0.00000,0.00000,-0.03821,
3.24301,Left,1,normal,0.00000,0.00000,-0.03821,
3.24725,Left,1,normal,0.00000,0.00000,-0.03821,
3.25160,Left,1,normal,0.00000,0.00000,-0.03821,
3.25622,Left,1,normal,0.00000,0.00000,-0.03821,
3.26061,Left,1,normal,0.00000,0.00000,-0.03821,
3.26499,Left,1,normal,0.00000,0.00000,-0.03821,
3.26938,Left,1,normal,0.00000,0.00000,-0.03821,
3.27424,Left,1,normal,0.00000,0.00000,-0.03821,
3.27871,Left,1,normal,0.00000,0.00000,-0.03821,
3.29172,Left,1,normal,0.00000,0.00000,-0.03821,
3.29679,Left,1,normal,0.00000,0.00000,-0.03821,
3.30130,Left,1,normal,0.00000,0.00000,-0.03821,
3.30560,Left,1,normal,0.00000,0.00000,-0.03821,
3.31000,Left,1,normal,0.00000,0.00000,-0.03821,
3.31479,Left,1,normal,0.00000,0.00000,-0.03821,
3.31921,Left,1,normal,0.00000,0.00000,-0.03821,
3.32352,Left,1,normal,0.00000,0.00000,-0.03821,
3.32769,Left,1,normal,0.00000,0.00000,-0.03821,
3.33206,Left,1,normal,0.00000,0.00000,-0.03821,
3.33661,Left,1,normal,0.00000,0.00000,-0.03821,
3.34068,Left,1,normal,0.00000,0.00000,-0.03821,
3.34509,Left,1,normal,0.00000,0.00000,-0.03821,
3.34929,Left,1,normal,0.00000,0.00000,-0.03821,
3.35393,Left,1,normal,0.00000,0.00000,-0.03821,
3.35994,Left,1,normal,0.00000,0.00000,-0.03821,
3.36424,Left,1,normal,0.00000,0.00000,-0.03821,
3.36837,Left,1,normal,0.00000,0.00000,-0.03821,
3.37252,Left,1,normal,0.00000,0.00000,-0.03821,
3.37719,Left,1,normal,0.00000,0.00000,-0.03821,
3.38159,Left,1,normal,0.00000,0.00000,-0.03821,
3.38590,Left,1,normal,0.00000,0.00000,-0.03821,
3.39021,Left,1,normal,0.00000,0.00000,-0.03821,
3.39503,Left,1,normal,0.00000,0.00000,-0.03821,
3.39930,Left,1,normal,0.00000,0.00000,-0.03821,
3.40353,Left,1,normal,0.00000,0.00000,-0.03821,
3.40780,Left,1,normal,0.00000,0.00000,-0.03821,
3.41213,Left,1,normal,0.00000,0.00000,-0.03821,
3.41687,Left,1,normal,0.00000,0.00000,-0.03821,
3.42104,Left,1,normal,0.00000,0.00000,-0.03821,
3.42530,Left,1,normal,0.00000,0.00000,-0.03821,
3.42973,Left,1,normal,0.00000,0.00000,-0.03821,
3.44317,Left,1,normal,0.00000,0.00000,-0.03821,
3.44780,Left,1,normal,0.00000,0.00000,-0.03821,
3.45209,Left,1,normal,0.00000,0.00000,-0.03821,
3.46288,Left,1,normal,0.00000,0.00000,-0.03821,
3.47078,Left,1,normal,0.00000,0.00000,-0.03821,
3.47558,Left,1,normal,0.00000,0.00000,-0.03821,
3.47994,Left,1,normal,0.00000,0.00000,-0.03821,
3.48442,Left,1,normal,0.00000,0.00000,-0.03821,
3.48885,Left,1,normal,0.00000,0.00000,-0.03821,
3.49361,Left,1,normal,0.00000,0.00000,-0.03821,
3.49817,Left,1,normal,0.00000,0.00000,-0.03821,
3.50258,Left,1,normal,0.00000,0.00000,-0.03821,
3.50691,Left,1,normal,0.00000,0.00000,-0.03821,
3.51131,Left,1,normal,0.00000,0.00000,-0.03821,
3.51649,Left,1,normal,0.00000,0.00000,-0.03821,
3.52090,Left,1,normal,0.00000,0.00000,-0.03821,
3.52522,Left,1,normal,0.00000,0.00000,-0.03821,
3.52953,Left,1,normal,0.00000,0.00000,-0.03821,
3.53419,Left,1,normal,0.00000,0.00000,-0.03821,
3.53962,Left,1,normal,0.00000,0.00000,-0.03821,
3.54398,Left,1,normal,0.00000,0.00000,-0.03821,
3.54841,Left,1,normal,0.00000,0.00000,-0.03821,
3.55331,Left,1,normal,0.00000,0.00000,-0.03821,
3.55750,Left,1,normal,0.00000,0.00000,-0.03821,
3.56350,Left,1,normal,0.00000,0.00000,-0.03821,
3.56777,Left,1,normal,0.00000,0.00000,-0.03821,
3.57261,Left,1,normal,0.00000,0.00000,-0.03821,
3.57740,Left,1,normal,0.00000,0.00000,-0.03821,
3.58171,Left,1,normal,0.00000,0.00000,-0.03821,
3.59456,Left,1,normal,0.00000,0.00000,-0.03821,
3.59961,Left,1,normal,0.00000,0.00000,-0.03821,
3.60411,Left,1,normal,0.00000,0.00000,-0.03821,
3.60862,Left,1,normal,0.00000,0.00000,-0.03821,
3.61380,Left,1,normal,0.00000,0.00000,-0.03821,
3.61840,Left,1,normal,0.00000,0.00000,-0.03821,
3.62310,Left,1,normal,0.00000,0.00000,-0.03821,
3.62759,Left,1,normal,0.00000,0.00000,-0.03821,
3.63210,Left,1,normal,0.00000,0.00000,-0.03821,
3.63711,Left,1,normal,0.00000,0.00000,-0.03821,
3.64140,Left,1,normal,0.00000,0.00000,-0.03821,
3.64576,Left,1,normal,0.00000,0.00000,-0.03821,
3.65010,Left,1,normal,0.00000,0.00000,-0.03821,
3.65490,Left,1,normal,0.00000,0.00000,-0.03821,
3.65942,Left,1,normal,0.00000,0.00000,-0.03821,
3.66382,Left,1,normal,0.00000,0.00000,-0.03821,
3.66819,Left,1,normal,0.00000,0.00000,-0.03821,
3.67246,Left,1,normal,0.00000,0.00000,-0.03821,
3.67711,Left,1,normal,0.00000,0.00000,-0.03821,
3.68148,Left,1,normal,0.00000,0.00000,-0.03821,
3.68578,Left,1,normal,0.00000,0.00000,-0.03821,
3.69000,Left,1,normal,0.00000,0.00000,-0.03821,
3.69648,Left,1,normal,0.00000,0.00000,-0.03821,
3.70081,Left,1,normal,0.00000,0.00000,-0.03821,
3.70496,Left,1,normal,0.00000,0.00000,-0.03821,
3.70929,Left,1,normal,0.00000,0.00000,-0.03821,
3.71397,Left,1,normal,0.00000,0.00000,-0.03821,
3.71817,Left,1,normal,0.00000,0.00000,-0.03821,
3.72237,Left,1,normal,0.00000,0.00000,-0.03821,
3.72664,Left,1,normal,0.00000,0.00000,-0.03821,
3.73088,Left,1,normal,0.00000,0.00000,-0.03821,
3.73569,Left,1,normal,0.00000,0.00000,-0.03821,
3.74862,Left,1,normal,0.00000,0.00000,-0.03821,
3.75354,Left,1,normal,0.00000,0.00000,-0.03821,
3.75809,Left,1,normal,0.00000,0.00000,-0.03821,
3.76423,Left,1,normal,0.00000,0.00000,-0.03821,
3.76879,Left,1,normal,0.00000,0.00000,-0.03821,
3.77340,Left,1,normal,0.00000,0.00000,-0.03821,
3.77764,Left,1,normal,0.00000,0.00000,-0.03821,
3.78194,Left,1,normal,0.00000,0.00000,-0.03821,
3.78649,Left,1,normal,0.00000,0.00000,-0.03821,
3.79092,Left,1,normal,0.00000,0.00000,-0.03821,
3.79609,Left,1,normal,0.00000,0.00000,-0.03821,
3.80038,Left,1,normal,0.00000,0.00000,-0.03821,
3.80631,Left,1,normal,0.00000,0.00000,-0.03821,
3.81077,Left,1,normal,0.00000,0.00000,-0.03821,
3.81567,Left,1,normal,0.00000,0.00000,-0.03821,
3.82647,Left,1,normal,0.00000,0.00000,-0.03821,
3.83512,Left,1,normal,0.00000,0.00000,-0.03821,
3.84480,Left,1,normal,0.00000,0.00000,-0.03821,
3.84953,Left,1,normal,0.00000,0.00000,-0.03821,
touchedTargets: System.Collections.Generic.List`1[System.Int32]
