Right,ShoulderPos:(-0.01, 0.63, 0.02),Plane:XZ,Radius:0.35
0.00000,1,normal,0.00000,0.00000,0.00000,
0.00677,1,normal,0.00000,0.00000,0.00000,
0.01338,1,normal,0.00000,0.00000,0.00000,
0.01898,1,normal,0.00000,0.00000,0.00000,
0.02378,1,normal,0.00000,0.00000,0.00000,
0.02860,1,normal,0.00000,0.00000,0.00000,
0.03555,1,normal,0.00000,0.00000,0.00000,
0.04053,1,normal,0.00000,0.00000,0.00000,
0.04548,1,normal,0.00000,0.00000,0.00000,
0.05026,1,normal,0.00000,0.00000,0.00000,
0.05563,1,normal,0.00000,0.00000,0.00000,
0.06056,1,normal,0.00000,0.00000,0.00000,
0.06534,1,normal,0.00000,0.00000,0.00000,
0.07036,1,normal,0.00000,0.00000,0.00000,
0.07579,1,normal,0.00000,0.00000,0.00000,
0.08073,1,normal,0.00000,0.00000,0.00000,
0.08567,1,normal,0.00000,0.00000,0.00000,
0.09045,1,normal,0.00000,0.00000,0.00000,
0.09619,1,normal,0.00000,0.00000,0.00000,
0.11212,1,normal,0.00000,0.00000,0.00000,
0.12610,1,normal,0.00000,0.00000,0.00000,
0.14036,1,normal,0.00000,0.00000,0.00000,
0.15471,1,normal,0.00000,0.00000,0.00000,
0.16043,1,normal,0.00000,0.00000,0.00000,
0.16481,1,normal,0.00000,0.00000,0.00000,
0.16914,1,normal,0.00000,0.00000,0.00000,
0.17386,1,normal,0.00000,0.00000,0.00000,
0.17817,1,normal,0.00000,0.00000,0.00000,
0.19163,1,normal,0.00000,0.00000,0.00000,
0.19701,1,normal,0.00000,0.00000,0.00000,
0.20142,1,normal,0.00000,0.00000,0.00000,
0.20566,1,normal,0.00000,0.00000,0.00000,
0.21007,1,normal,0.00000,0.00000,0.00000,
0.21478,1,normal,0.00000,0.00000,0.00000,
0.21912,1,normal,0.00000,0.00000,0.00000,
0.22352,1,normal,0.00000,0.00000,0.00000,
0.22801,1,normal,0.00000,0.00000,0.00000,
0.23234,1,normal,0.00000,0.00000,0.00000,
0.23822,1,normal,0.00000,0.00000,0.00000,
0.24274,1,normal,0.00000,0.00000,0.00000,
0.24722,1,normal,0.00000,0.00000,0.00000,
0.26069,1,normal,0.00000,0.00000,0.00000,
0.26574,1,normal,0.00000,0.00000,0.00000,
0.27034,1,normal,0.00000,0.00000,0.00000,
0.27496,1,normal,0.00000,0.00000,0.00000,
0.27933,1,normal,0.00000,0.00000,0.00000,
0.28385,1,normal,0.00000,0.00000,0.00000,
0.28815,1,normal,0.00000,0.00000,0.00000,
0.29264,1,normal,0.00000,0.00000,0.00000,
0.29827,1,normal,0.00000,0.00000,0.00000,
0.30274,1,normal,0.00000,0.00000,0.00000,
0.30712,1,normal,0.00000,0.00000,0.00000,
0.31147,1,normal,0.00000,0.00000,0.00000,
0.31606,1,normal,0.00000,0.00000,0.00000,
0.32036,1,normal,0.00000,0.00000,0.00000,
0.32466,1,normal,0.00000,0.00000,0.00000,
0.32895,1,normal,0.00000,0.00000,0.00000,
0.33364,1,normal,0.00000,0.00000,0.00000,
0.33796,1,normal,0.00000,0.00000,0.00000,
0.34234,1,normal,0.00000,0.00000,0.00000,
0.34664,1,normal,0.00000,0.00000,0.00000,
0.35096,1,normal,0.00000,0.00000,0.00000,
0.35566,1,normal,0.00000,0.00000,0.00000,
0.36003,1,normal,0.00000,0.00000,0.00000,
0.36428,1,normal,0.00000,0.00000,0.00000,
0.36854,1,normal,0.00000,0.00000,0.00000,
0.37272,1,normal,0.00000,0.00000,0.00000,
0.37736,1,normal,0.00000,0.00000,0.00000,
0.38161,1,normal,0.00000,0.00000,0.00000,
0.38595,1,normal,0.00000,0.00000,0.00000,
0.39037,1,normal,0.00000,0.00000,0.00000,
0.39505,1,normal,0.00000,0.00000,0.00000,
0.39962,1,normal,0.00000,0.00000,0.00000,
0.41251,1,normal,0.00000,0.00000,0.00000,
0.42607,1,normal,0.00000,0.00000,0.00000,
0.43088,1,normal,0.00000,0.00000,0.00000,
0.43565,1,normal,0.00000,0.00000,0.00000,
0.44102,1,normal,0.00000,0.00000,0.00000,
0.44534,1,normal,0.00000,0.00000,0.00000,
0.44964,1,normal,0.00000,0.00000,0.00000,
0.45437,1,normal,0.00000,0.00000,0.00000,
0.45853,1,normal,0.00000,0.00000,0.00000,
0.46276,1,normal,0.00000,0.00000,0.00000,
0.46716,1,normal,0.00000,0.00000,0.00000,
0.47165,1,normal,0.00000,0.00000,0.00000,
0.47665,1,normal,0.00000,0.00000,0.00000,
0.48126,1,normal,0.00000,0.00000,0.00000,
0.48584,1,normal,0.00000,0.00000,0.00000,
0.49039,1,normal,0.00000,0.00000,0.00000,
0.49531,1,normal,0.00000,0.00000,0.00000,
0.49965,1,normal,0.00000,0.00000,0.00000,
0.50426,1,normal,0.00000,0.00000,0.00000,
0.50884,1,normal,0.00000,0.00000,0.00000,
0.51385,1,normal,0.00000,0.00000,0.00000,
0.51835,1,normal,0.00000,0.00000,0.00000,
0.52286,1,normal,0.00000,0.00000,0.00000,
0.52743,1,normal,0.00000,0.00000,0.00000,
0.53193,1,normal,0.00000,0.00000,0.00000,
0.53707,1,normal,0.00000,0.00000,0.00000,
0.54163,1,normal,0.00000,0.00000,0.00000,
0.54605,1,normal,0.00000,0.00000,0.00000,
0.55045,1,normal,0.00000,0.00000,0.00000,
0.56406,1,normal,0.00000,0.00000,0.00000,
0.56875,1,normal,0.00000,0.00000,0.00000,
0.57404,1,normal,0.00000,0.00000,0.00000,
0.57855,1,normal,0.00000,0.00000,0.00000,
0.58283,1,normal,0.00000,0.00000,0.00000,
0.58721,1,normal,0.00000,0.00000,0.00000,
0.59162,1,normal,0.00000,0.00000,0.00000,
0.59657,1,normal,0.00000,0.00000,0.00000,
0.60086,1,normal,0.00000,0.00000,0.00000,
0.60506,1,normal,0.00000,0.00000,0.00000,
0.60935,1,normal,0.00000,0.00000,0.00000,
0.61432,1,normal,0.00000,0.00000,0.00000,
0.61864,1,normal,0.00000,0.00000,0.00000,
0.62288,1,normal,0.00000,0.00000,0.00000,
0.62705,1,normal,0.00000,0.00000,0.00000,
0.63122,1,normal,0.00000,0.00000,0.00000,
0.63594,1,normal,0.00000,0.00000,0.00000,
0.64118,1,normal,0.00000,0.00000,0.00000,
0.64573,1,normal,0.00000,0.00000,0.00000,
0.65006,1,normal,0.00000,0.00000,0.00000,
0.66275,1,normal,0.00000,0.00000,0.00000,
0.66776,1,normal,0.00000,0.00000,0.00000,
0.67215,1,normal,0.00000,0.00000,0.00000,
0.67734,1,normal,0.00000,0.00000,0.00000,
0.68180,1,normal,0.00000,0.00000,0.00000,
0.68632,1,normal,0.00000,0.00000,0.00000,
0.69074,1,normal,0.00000,0.00000,0.00000,
0.69566,1,normal,0.00000,0.00000,0.00000,
0.69993,1,normal,0.00000,0.00000,0.00000,
0.70434,1,normal,0.00000,0.00000,0.00000,
0.71757,1,normal,0.00000,0.00000,0.00000,
0.72312,1,normal,0.00000,0.00000,0.00000,
0.72766,1,normal,0.00000,0.00000,0.00000,
0.73193,1,normal,0.00000,0.00000,0.00000,
0.73695,1,normal,0.00000,0.00000,0.00000,
0.74117,1,normal,0.00000,0.00000,0.00000,
0.74552,1,normal,0.00000,0.00000,0.00000,
0.74974,1,normal,0.00000,0.00000,0.00000,
0.75454,1,normal,0.00000,0.00000,0.00000,
0.75864,1,normal,0.00000,0.00000,0.00000,
0.76295,1,normal,0.00000,0.00000,0.00000,
0.76725,1,normal,0.00000,0.00000,0.00000,
0.77168,1,normal,0.00000,0.00000,0.00000,
0.77644,1,normal,0.00000,0.00000,0.00000,
0.78070,1,normal,0.00000,0.00000,0.00000,
0.78504,1,normal,0.00000,0.00000,0.00000,
0.78933,1,normal,0.00000,0.00000,0.00000,
0.79434,1,normal,0.00000,0.00000,0.00000,
0.79864,1,normal,0.00000,0.00000,0.00000,
0.80300,1,normal,0.00000,0.00000,0.00000,
0.80725,1,normal,0.00000,0.00000,0.00000,
0.81145,1,normal,0.00000,0.00000,0.00000,
0.81623,1,normal,0.00000,0.00000,0.00000,
0.82038,1,normal,0.00000,0.00000,0.00000,
0.82465,1,normal,0.00000,0.00000,0.00000,
0.82904,1,normal,0.00000,0.00000,0.00000,
0.83365,1,normal,0.00000,0.00000,0.00000,
0.83803,1,normal,0.00000,0.00000,0.00000,
0.84334,1,normal,0.00000,0.00000,0.00000,
0.84776,1,normal,0.00000,0.00000,0.00000,
0.85192,1,normal,0.00000,0.00000,0.00000,
0.85675,1,normal,0.00000,0.00000,0.00000,
0.86947,1,normal,0.00000,0.00000,0.00000,
0.87432,1,normal,0.00000,0.00000,0.00000,
0.87875,1,normal,0.00000,0.00000,0.00000,
0.88305,1,normal,0.00000,0.00000,0.00000,
0.88738,1,normal,0.00000,0.00000,0.00000,
0.89173,1,normal,0.00000,0.00000,0.00000,
0.90472,1,normal,0.00000,0.00000,0.00000,
0.90945,1,normal,0.00000,0.00000,0.00000,
0.91427,1,normal,0.00000,0.00000,0.00000,
0.91863,1,normal,0.00000,0.00000,0.00000,
0.92282,1,normal,0.00000,0.00000,0.00000,
0.92704,1,normal,0.00000,0.00000,0.00000,
0.93138,1,normal,0.00000,0.00000,0.00000,
0.93623,1,normal,0.00000,0.00000,0.00000,
0.94060,1,normal,0.00000,0.00000,0.00000,
0.94492,1,normal,0.00000,0.00000,0.00000,
0.94938,1,normal,0.00000,0.00000,0.00000,
0.95418,1,normal,0.00000,0.00000,0.00000,
0.95843,1,normal,0.00000,0.00000,0.00000,
0.96262,1,normal,0.00000,0.00000,0.00000,
0.96697,1,normal,0.00000,0.00000,0.00000,
0.97132,1,normal,0.00000,0.00000,0.00000,
0.97593,1,normal,0.00000,0.00000,0.00000,
0.98014,1,normal,0.00000,0.00000,0.00000,
0.98445,1,normal,0.00000,0.00000,0.00000,
0.98869,1,normal,0.00000,0.00000,0.00000,
0.99367,1,normal,0.00000,0.00000,0.00000,
0.99813,1,normal,0.00000,0.00000,0.00000,
1.00234,1,normal,0.00000,0.00000,0.00000,
1.00678,1,normal,0.00000,0.00000,0.00000,
1.02063,1,normal,0.00000,0.00000,0.00000,
1.02685,1,normal,0.00000,0.00000,0.00000,
1.03117,1,normal,0.00000,0.00000,0.00000,
1.03594,1,normal,0.00000,0.00000,0.00000,
1.04017,1,normal,0.00000,0.00000,0.00000,
1.04547,1,normal,0.00000,0.00000,0.00000,
1.04962,1,normal,0.00000,0.00000,0.00000,
1.05425,1,normal,0.00000,0.00000,0.00000,
1.05834,1,normal,0.00000,0.00000,0.00000,
1.06247,1,normal,0.00000,0.00000,0.00000,
1.06651,1,normal,0.00000,0.00000,0.00000,
1.07065,1,normal,0.00000,0.00000,0.00000,
1.07522,1,normal,0.00000,0.00000,0.00000,
1.07953,1,normal,0.00000,0.00000,0.00000,
1.08374,1,normal,0.00000,0.00000,0.00000,
1.08803,1,normal,0.00000,0.00000,0.00000,
1.09222,1,normal,0.00000,0.00000,0.00000,
1.09695,1,normal,0.00000,0.00000,0.00000,
1.10124,1,normal,0.00000,0.00000,0.00000,
1.10560,1,normal,0.00000,0.00000,0.00000,
1.10985,1,normal,0.00000,0.00000,0.00000,
1.11435,1,normal,0.00000,0.00000,0.00000,
1.11863,1,normal,0.00000,0.00000,0.00000,
1.12282,1,normal,0.00000,0.00000,0.00000,
1.12694,1,normal,0.00000,0.00000,0.00000,
1.13883,1,normal,0.00000,0.00000,0.00000,
1.14411,1,normal,0.00000,0.00000,0.00000,
1.14846,1,normal,0.00000,0.00000,0.00000,
1.15273,1,normal,0.00000,0.00000,0.00000,
1.15768,1,normal,0.00000,0.00000,0.00000,
1.17061,1,normal,0.00000,0.00000,0.00000,
1.17573,1,normal,0.00000,0.00000,0.00000,
1.18028,1,normal,0.00000,0.00000,-0.00976,
1.19005,1,normal,0.00000,0.00000,-0.01577,
1.19605,1,normal,0.00000,0.00000,-0.02069,
1.20097,1,normal,0.00000,0.00000,-0.03410,
1.21438,1,normal,0.00000,0.00000,-0.04768,
1.22796,1,normal,0.00000,0.00000,-0.06161,
1.24189,1,normal,0.00000,0.00000,-0.07733,
1.25761,1,normal,0.00000,0.00000,-0.09251,
1.27279,1,normal,0.00000,0.00000,-0.10632,
1.28660,1,normal,0.00000,0.00000,-0.12042,
1.30070,1,normal,0.00000,0.00000,-0.13412,
1.31440,1,normal,0.00000,0.00000,-0.14902,
1.32930,1,normal,0.00000,0.00000,-0.16298,
1.34326,1,normal,0.00000,0.00000,-0.17626,
1.35654,1,normal,0.00000,0.00000,-0.19157,
1.37185,1,normal,0.00000,0.00000,-0.20582,
1.38611,1,normal,0.00000,0.00000,-0.22068,
1.40096,1,normal,0.00000,0.00000,-0.23530,
1.41558,1,normal,0.00000,0.00000,-0.25621,
1.43649,1,normal,0.00000,0.00000,-0.27534,
1.45562,1,normal,0.00000,0.00000,-0.29156,
1.47184,1,normal,0.00000,0.00000,-0.30626,
1.48654,1,normal,0.00000,0.00000,-0.32151,
1.50179,1,normal,0.00000,0.00000,-0.33616,
1.51644,1,normal,0.00000,0.00000,-0.35120,
1.53148,1,normal,0.00000,0.00000,-0.36553,
1.54581,1,normal,0.00000,0.00000,-0.37985,
1.56013,1,normal,0.00000,0.00000,-0.39395,
1.57423,1,normal,0.00000,0.00000,-0.40881,
1.58909,1,normal,0.00000,0.00000,-0.40881,
1.60408,1,normal,0.00000,0.00000,-0.40881,
1.61865,1,normal,0.00000,0.00000,-0.40881,
1.63254,1,normal,0.00000,0.00000,-0.40881,
1.64638,1,normal,0.00000,0.00000,-0.40881,
1.65146,1,normal,0.00000,0.00000,-0.40881,
1.65662,1,normal,0.00000,0.00000,-0.40881,
1.66226,1,normal,0.00000,0.00000,-0.40881,
1.66688,1,normal,0.00000,0.00000,-0.40881,
1.67135,1,normal,0.00000,0.00000,-0.40881,
1.67612,1,normal,0.00000,0.00000,-0.40881,
1.68065,1,normal,0.00000,0.00000,-0.40881,
1.68495,1,normal,0.00000,0.00000,-0.40881,
1.68929,1,normal,0.00000,0.00000,-0.40881,
1.69396,1,normal,0.00000,0.00000,-0.40881,
1.69816,1,normal,0.00000,0.00000,-0.40881,
1.70243,1,normal,0.00000,0.00000,-0.40881,
1.70675,1,normal,0.00000,0.00000,-0.40881,
1.71729,1,normal,0.00000,0.00000,-0.40881,
1.72706,1,normal,0.00000,0.00000,-0.40881,
1.73154,1,normal,0.00000,0.00000,-0.40881,
1.73672,1,normal,0.00000,0.00000,-0.40881,
1.74104,1,normal,0.00000,0.00000,-0.40881,
1.74559,1,normal,0.00000,0.00000,-0.40881,
1.74983,1,normal,0.00000,0.00000,-0.40881,
1.75463,1,normal,0.00000,0.00000,-0.40881,
1.75884,1,normal,0.00000,0.00000,-0.40881,
1.76311,1,normal,0.00000,0.00000,-0.40881,
1.76738,1,normal,0.00000,0.00000,-0.40881,
1.77176,1,normal,0.00000,0.00000,-0.40353,
1.77704,1,normal,0.00000,0.00000,-0.39868,
1.78188,1,normal,0.00000,0.00000,-0.39385,
1.78671,1,normal,0.00000,0.00000,-0.37994,
1.80063,1,normal,0.00000,0.00000,-0.36616,
1.81440,1,normal,0.00000,0.00000,-0.34828,
1.83228,1,normal,0.00000,0.00000,-0.33250,
1.84807,1,normal,0.00000,0.00000,-0.31747,
1.86310,1,normal,0.00000,0.00000,-0.30150,
1.87906,1,normal,0.00000,0.00000,-0.28565,
1.89492,1,normal,0.00000,0.00000,-0.27106,
1.90951,1,normal,0.00000,0.00000,-0.25573,
1.92484,1,normal,0.00000,0.00000,-0.24179,
1.93878,1,normal,0.00000,0.00000,-0.22658,
1.95399,1,normal,0.00000,0.00000,-0.21193,
1.96863,1,normal,0.00000,0.00000,-0.19691,
1.98366,1,normal,0.00000,0.00000,-0.18220,
1.99837,1,normal,0.00000,0.00000,-0.16189,
2.01867,1,normal,0.00000,0.00000,-0.14006,
2.04051,1,normal,0.00000,0.00000,-0.12386,
2.05671,1,normal,0.00000,0.00000,-0.10810,
2.07247,1,normal,0.00000,0.00000,-0.09241,
2.08816,1,normal,0.00000,0.00000,-0.07745,
2.10312,1,normal,0.00000,0.00000,-0.06307,
2.11749,1,normal,0.00000,0.00000,-0.04769,
2.13287,1,normal,0.00000,0.00000,-0.03316,
2.14741,1,normal,0.00000,0.00000,-0.01845,
2.16212,1,normal,0.00000,0.00000,-0.00409,
2.17647,1,normal,0.00000,0.00000,0.01113,
2.19169,1,normal,0.00000,0.00000,0.02588,
2.20645,1,normal,0.00000,0.00000,0.04099,
2.22156,1,normal,0.00000,0.00000,0.05520,
2.23577,1,normal,0.00000,0.00000,0.07065,
2.25122,1,normal,0.00000,0.00000,0.08556,
2.26613,1,normal,0.00000,0.00000,0.10139,
2.28196,1,normal,0.00000,0.00000,0.11723,
2.29780,1,normal,0.00000,0.00000,0.11723,
2.31204,1,normal,0.00000,0.00000,0.11723,
2.33221,1,normal,0.00000,0.00000,0.11723,
2.35340,1,normal,0.00000,0.00000,0.11723,
2.35918,1,normal,0.00000,0.00000,0.11723,
2.36371,1,normal,0.00000,0.00000,0.11723,
2.36817,1,normal,0.00000,0.00000,0.11723,
2.37285,1,normal,0.00000,0.00000,0.11723,
2.37754,1,normal,0.00000,0.00000,0.11723,
2.38193,1,normal,0.00000,0.00000,0.11723,
2.38631,1,normal,0.00000,0.00000,0.11723,
2.39056,1,normal,0.00000,0.00000,0.11723,
2.39533,1,normal,0.00000,0.00000,0.11723,
2.39956,1,normal,0.00000,0.00000,0.11723,
2.40408,1,normal,0.00000,0.00000,0.11723,
2.40845,1,normal,0.00000,0.00000,0.11723,
2.41287,1,normal,0.00000,0.00000,0.11723,
2.41775,1,normal,0.00000,0.00000,0.11723,
2.43044,1,normal,0.00000,0.00000,0.11723,
2.43572,1,normal,0.00000,0.00000,0.11723,
2.43989,1,normal,0.00000,0.00000,0.11723,
2.44404,1,normal,0.00000,0.00000,0.11723,
2.44820,1,normal,0.00000,0.00000,0.11723,
2.45242,1,normal,0.00000,0.00000,0.11723,
2.45701,1,normal,0.00000,0.00000,0.11723,
2.46122,1,normal,0.00000,0.00000,0.11723,
2.46545,1,normal,0.00000,0.00000,0.11723,
2.47012,1,normal,0.00000,0.00000,0.11723,
2.47472,1,normal,0.00000,0.00000,0.11723,
2.47886,1,normal,0.00000,0.00000,0.11723,
2.48307,1,normal,0.00000,0.00000,0.11723,
2.48856,1,normal,0.00000,0.00000,0.11723,
2.49366,1,normal,0.00000,0.00000,0.11723,
2.49808,1,normal,0.00000,0.00000,0.11723,
2.50263,1,normal,0.00000,0.00000,0.11723,
2.50735,1,normal,0.00000,0.00000,0.11723,
2.51175,1,normal,0.00000,0.00000,0.11723,
2.51653,1,normal,0.00000,0.00000,0.11723,
2.52101,1,normal,0.00000,0.00000,0.11723,
2.52554,1,normal,0.00000,0.00000,0.11723,
2.52998,1,normal,0.00000,0.00000,0.11723,
2.53495,1,normal,0.00000,0.00000,0.11723,
2.53938,1,normal,0.00000,0.00000,0.11723,
2.54384,1,normal,0.00000,0.00000,0.11723,
2.54841,1,normal,0.00000,0.00000,0.11723,
2.55307,1,normal,0.00000,0.00000,0.11723,
2.55794,1,normal,0.00000,0.00000,0.11723,
2.56235,1,normal,0.00000,0.00000,0.11723,
2.56693,1,normal,0.00000,0.00000,0.11723,
2.57129,1,normal,0.00000,0.00000,0.11723,
2.58446,1,normal,0.00000,0.00000,0.11723,
2.58874,1,normal,0.00000,0.00000,0.11723,
2.60249,1,normal,0.00000,0.00000,0.11723,
2.60731,1,normal,0.00000,0.00000,0.11723,
2.61173,1,normal,0.00000,0.00000,0.11723,
2.61643,1,normal,0.00000,0.00000,0.11723,
2.62088,1,normal,0.00000,0.00000,0.11723,
2.62525,1,normal,0.00000,0.00000,0.11723,
2.62946,1,normal,0.00000,0.00000,0.11723,
2.63417,1,normal,0.00000,0.00000,0.11723,
2.63856,1,normal,0.00000,0.00000,0.11723,
2.64293,1,normal,0.00000,0.00000,0.11723,
2.64718,1,normal,0.00000,0.00000,0.11723,
2.65144,1,normal,0.00000,0.00000,0.11723,
2.65628,1,normal,0.00000,0.00000,0.11723,
2.66056,1,normal,0.00000,0.00000,0.11723,
2.66482,1,normal,0.00000,0.00000,0.11723,
2.66905,1,normal,0.00000,0.00000,0.11723,
2.67405,1,normal,0.00000,0.00000,0.11723,
2.67823,1,normal,0.00000,0.00000,0.11723,
2.68243,1,normal,0.00000,0.00000,0.11723,
2.68681,1,normal,0.00000,0.00000,0.11723,
2.69194,1,normal,0.00000,0.00000,0.11723,
2.69654,1,normal,0.00000,0.00000,0.11723,
2.70086,1,normal,0.00000,0.00000,0.11723,
2.70514,1,normal,0.00000,0.00000,0.11723,
2.70944,1,normal,0.00000,0.00000,0.11723,
2.71420,1,normal,0.00000,0.00000,0.11723,
2.71823,1,normal,0.00000,0.00000,0.11723,
2.72259,1,normal,0.00000,0.00000,0.11723,
2.73548,1,normal,0.00000,0.00000,0.11723,
2.74067,1,normal,0.00000,0.00000,0.11723,
2.74493,1,normal,0.00000,0.00000,0.11723,
2.74926,1,normal,0.00000,0.00000,0.11723,
2.75396,1,normal,0.00000,0.00000,0.11723,
2.75802,1,normal,0.00000,0.00000,0.11723,
2.76224,1,normal,0.00000,0.00000,0.11723,
2.76632,1,normal,0.00000,0.00000,0.11723,
2.77043,1,normal,0.00000,0.00000,0.11723,
2.77506,1,normal,0.00000,0.00000,0.11723,
2.77947,1,normal,0.00000,0.00000,0.11723,
2.78374,1,normal,0.00000,0.00000,0.11723,
2.78798,1,normal,0.00000,0.00000,0.11723,
2.79243,1,normal,0.00000,0.00000,0.11723,
2.79704,1,normal,0.00000,0.00000,0.11723,
2.80125,1,normal,0.00000,0.00000,0.11723,
2.80545,1,normal,0.00000,0.00000,0.11723,
2.80954,1,normal,0.00000,0.00000,0.11723,
2.81420,1,normal,0.00000,0.00000,0.11723,
2.81835,1,normal,0.00000,0.00000,0.11723,
2.82262,1,normal,0.00000,0.00000,0.11723,
2.82685,1,normal,0.00000,0.00000,0.11723,
2.83106,1,normal,0.00000,0.00000,0.11723,
2.83643,1,normal,0.00000,0.00000,0.11723,
2.84057,1,normal,0.00000,0.00000,0.11723,
2.84513,1,normal,0.00000,0.00000,0.11723,
2.84921,1,normal,0.00000,0.00000,0.11723,
2.85374,1,normal,0.00000,0.00000,0.11723,
2.85784,1,normal,0.00000,0.00000,0.11723,
2.86207,1,normal,0.00000,0.00000,0.11723,
2.86623,1,normal,0.00000,0.00000,0.11723,
2.87042,1,normal,0.00000,0.00000,0.11723,
2.87504,1,normal,0.00000,0.00000,0.11723,
2.89642,1,normal,0.00000,0.00000,0.11723,
2.90281,1,normal,0.00000,0.00000,0.11723,
2.90724,1,normal,0.00000,0.00000,0.11723,
2.91147,1,normal,0.00000,0.00000,0.11723,
2.91626,1,normal,0.00000,0.00000,0.11723,
2.92064,1,normal,0.00000,0.00000,0.11723,
2.92482,1,normal,0.00000,0.00000,0.11723,
2.92909,1,normal,0.00000,0.00000,0.11723,
2.93374,1,normal,0.00000,0.00000,0.11723,
2.93786,1,normal,0.00000,0.00000,0.11723,
2.94203,1,normal,0.00000,0.00000,0.11723,
2.94634,1,normal,0.00000,0.00000,0.11723,
2.95078,1,normal,0.00000,0.00000,0.11723,
2.95607,1,normal,0.00000,0.00000,0.11723,
2.96054,1,normal,0.00000,0.00000,0.11723,
2.96482,1,normal,0.00000,0.00000,0.11723,
2.96916,1,normal,0.00000,0.00000,0.11723,
2.97394,1,normal,0.00000,0.00000,0.11723,
2.97834,1,normal,0.00000,0.00000,0.11723,
2.98257,1,normal,0.00000,0.00000,0.11723,
2.98678,1,normal,0.00000,0.00000,0.11723,
2.99102,1,normal,0.00000,0.00000,0.11723,
2.99576,1,normal,0.00000,0.00000,0.11723,
2.99992,1,normal,0.00000,0.00000,0.11723,
3.00413,1,normal,0.00000,0.00000,0.11723,
3.00835,1,normal,0.00000,0.00000,0.11723,
3.01256,1,normal,0.00000,0.00000,0.11723,
3.01735,1,normal,0.00000,0.00000,0.11723,
3.02168,1,normal,0.00000,0.00000,0.11723,
3.02593,1,normal,0.00000,0.00000,0.11723,
3.03882,1,normal,0.00000,0.00000,0.11723,
3.04384,1,normal,0.00000,0.00000,0.11723,
3.04796,1,normal,0.00000,0.00000,0.11723,
3.05216,1,normal,0.00000,0.00000,0.11723,
3.05701,1,normal,0.00000,0.00000,0.11723,
3.06136,1,normal,0.00000,0.00000,0.11723,
3.06586,1,normal,0.00000,0.00000,0.11723,
3.07023,1,normal,0.00000,0.00000,0.11723,
3.07484,1,normal,0.00000,0.00000,0.11723,
3.07903,1,normal,0.00000,0.00000,0.11723,
3.08452,1,normal,0.00000,0.00000,0.11723,
3.08864,1,normal,0.00000,0.00000,0.11723,
3.09327,1,normal,0.00000,0.00000,0.11723,
3.09853,1,normal,0.00000,0.00000,0.11723,
3.10285,1,normal,0.00000,0.00000,0.11723,
3.10730,1,normal,0.00000,0.00000,0.11723,
3.11153,1,normal,0.00000,0.00000,0.11723,
3.11603,1,normal,0.00000,0.00000,0.11723,
3.12024,1,normal,0.00000,0.00000,0.11723,
3.12473,1,normal,0.00000,0.00000,0.11723,
3.12902,1,normal,0.00000,0.00000,0.11723,
3.13385,1,normal,0.00000,0.00000,0.11723,
3.13802,1,normal,0.00000,0.00000,0.11723,
3.14224,1,normal,0.00000,0.00000,0.11723,
3.14656,1,normal,0.00000,0.00000,0.11723,
3.15094,1,normal,0.00000,0.00000,0.11723,
3.15609,1,normal,0.00000,0.00000,0.11723,
3.16034,1,normal,0.00000,0.00000,0.11723,
3.16457,1,normal,0.00000,0.00000,0.11723,
3.16884,1,normal,0.00000,0.00000,0.11723,
3.17345,1,normal,0.00000,0.00000,0.11723,
3.18584,1,normal,0.00000,0.00000,0.11723,
3.19938,1,normal,0.00000,0.00000,0.11723,
3.20423,1,normal,0.00000,0.00000,0.11723,
3.20843,1,normal,0.00000,0.00000,0.11723,
3.21267,1,normal,0.00000,0.00000,0.11723,
3.21746,1,normal,0.00000,0.00000,0.11723,
3.22180,1,normal,0.00000,0.00000,0.11723,
3.22594,1,normal,0.00000,0.00000,0.11723,
3.23008,1,normal,0.00000,0.00000,0.11723,
3.23485,1,normal,0.00000,0.00000,0.11723,
3.23907,1,normal,0.00000,0.00000,0.11723,
3.24335,1,normal,0.00000,0.00000,0.11723,
3.24744,1,normal,0.00000,0.00000,0.11723,
3.25164,1,normal,0.00000,0.00000,0.11723,
3.25622,1,normal,0.00000,0.00000,0.11723,
3.26032,1,normal,0.00000,0.00000,0.11723,
3.26449,1,normal,0.00000,0.00000,0.11723,
3.26862,1,normal,0.00000,0.00000,0.11723,
3.27312,1,normal,0.00000,0.00000,0.11723,
3.27757,1,normal,0.00000,0.00000,0.11723,
3.28181,1,normal,0.00000,0.00000,0.11723,
3.28604,1,normal,0.00000,0.00000,0.11723,
3.29020,1,normal,0.00000,0.00000,0.11723,
3.29476,1,normal,0.00000,0.00000,0.11723,
3.29984,1,normal,0.00000,0.00000,0.11723,
3.30398,1,normal,0.00000,0.00000,0.11723,
3.30824,1,normal,0.00000,0.00000,0.11723,
3.31245,1,normal,0.00000,0.00000,0.11723,
3.31715,1,normal,0.00000,0.00000,0.11723,
3.32139,1,normal,0.00000,0.00000,0.11723,
3.32562,1,normal,0.00000,0.00000,0.11723,
3.32975,1,normal,0.00000,0.00000,0.11723,
3.33454,1,normal,0.00000,0.00000,0.11723,
3.34742,1,normal,0.00000,0.00000,0.11723,
3.35173,1,normal,0.00000,0.00000,0.11723,
3.35672,1,normal,0.00000,0.00000,0.11723,
3.36105,1,normal,0.00000,0.00000,0.11723,
3.36531,1,normal,0.00000,0.00000,0.11723,
3.36972,1,normal,0.00000,0.00000,0.11723,
3.37424,1,normal,0.00000,0.00000,0.11723,
3.37842,1,normal,0.00000,0.00000,0.11723,
3.38242,1,normal,0.00000,0.00000,0.11723,
3.38680,1,normal,0.00000,0.00000,0.11723,
3.39083,1,normal,0.00000,0.00000,0.11723,
3.39554,1,normal,0.00000,0.00000,0.11723,
3.39985,1,normal,0.00000,0.00000,0.11723,
3.40406,1,normal,0.00000,0.00000,0.11723,
3.40835,1,normal,0.00000,0.00000,0.11723,
3.41264,1,normal,0.00000,0.00000,0.11723,
3.41733,1,normal,0.00000,0.00000,0.11723,
3.42155,1,normal,0.00000,0.00000,0.11723,
3.42576,1,normal,0.00000,0.00000,0.11723,
3.43031,1,normal,0.00000,0.00000,0.11723,
3.43525,1,normal,0.00000,0.00000,0.11723,
3.43979,1,normal,0.00000,0.00000,0.11723,
3.44425,1,normal,0.00000,0.00000,0.11723,
3.44894,1,normal,0.00000,0.00000,0.11723,
3.45407,1,normal,0.00000,0.00000,0.11723,
3.45875,1,normal,0.00000,0.00000,0.11723,
3.46324,1,normal,0.00000,0.00000,0.11723,
3.46755,1,normal,0.00000,0.00000,0.11723,
3.48000,1,normal,0.00000,0.00000,0.11723,
3.48601,1,normal,0.00000,0.00000,0.11723,
3.49950,1,normal,0.00000,0.00000,0.11723,
3.50594,1,normal,0.00000,0.00000,0.11723,
3.51056,1,normal,0.00000,0.00000,0.11723,
3.51559,1,normal,0.00000,0.00000,0.11723,
3.52006,1,normal,0.00000,0.00000,0.11723,
3.52436,1,normal,0.00000,0.00000,0.11723,
3.52858,1,normal,0.00000,0.00000,0.11723,
3.53312,1,normal,0.00000,0.00000,0.11723,
3.53739,1,normal,0.00000,0.00000,0.11723,
3.54183,1,normal,0.00000,0.00000,0.11723,
3.54603,1,normal,0.00000,0.00000,0.11723,
3.55027,1,normal,0.00000,0.00000,0.11723,
3.55499,1,normal,0.00000,0.00000,0.11723,
3.55915,1,normal,0.00000,0.00000,0.11723,
3.56335,1,normal,0.00000,0.00000,0.11723,
3.56743,1,normal,0.00000,0.00000,0.11723,
3.57158,1,normal,0.00000,0.00000,0.11723,
3.57605,1,normal,0.00000,0.00000,0.11723,
3.58032,1,normal,0.00000,0.00000,0.11723,
3.58454,1,normal,0.00000,0.00000,0.11723,
3.58887,1,normal,0.00000,0.00000,0.11723,
3.59364,1,normal,0.00000,0.00000,0.11723,
3.59789,1,normal,0.00000,0.00000,0.11723,
3.60205,1,normal,0.00000,0.00000,0.11723,
3.60621,1,normal,0.00000,0.00000,0.11723,
3.61053,1,normal,0.00000,0.00000,0.11723,
3.61530,1,normal,0.00000,0.00000,0.11723,
3.61970,1,normal,0.00000,0.00000,0.11723,
3.62394,1,normal,0.00000,0.00000,0.11723,
3.62818,1,normal,0.00000,0.00000,0.11723,
3.63242,1,normal,0.00000,0.00000,0.11723,
3.63711,1,normal,0.00000,0.00000,0.11723,
3.65029,1,normal,0.00000,0.00000,0.11723,
3.65536,1,normal,0.00000,0.00000,0.11723,
3.65966,1,normal,0.00000,0.00000,0.11723,
3.66394,1,normal,0.00000,0.00000,0.11723,
3.66804,1,normal,0.00000,0.00000,0.11723,
3.67222,1,normal,0.00000,0.00000,0.11723,
3.67695,1,normal,0.00000,0.00000,0.11723,
3.68129,1,normal,0.00000,0.00000,0.11723,
3.68565,1,normal,0.00000,0.00000,0.11723,
3.68991,1,normal,0.00000,0.00000,0.11149,
3.69565,1,normal,0.00000,0.00000,0.10666,
3.70048,1,normal,0.00000,0.00000,0.10061,
3.70653,1,normal,0.00000,0.00000,0.08651,
3.72063,1,normal,0.00000,0.00000,0.07247,
3.73467,1,normal,0.00000,0.00000,0.05684,
3.75030,1,normal,0.00000,0.00000,0.04223,
3.76491,1,normal,0.00000,0.00000,0.04223,
3.78000,1,normal,0.00000,0.00000,0.04223,
3.79954,1,normal,0.00000,0.00000,0.04223,
3.81929,1,normal,0.00000,0.00000,0.04223,
3.83241,1,normal,0.00000,0.00000,0.04223,
3.83839,1,normal,0.00000,0.00000,0.04223,
3.84274,1,normal,0.00000,0.00000,0.04223,
3.84708,1,normal,0.00000,0.00000,0.04223,
3.85154,1,normal,0.00000,0.00000,0.04223,
3.85640,1,normal,0.00000,0.00000,0.04223,
3.86095,1,normal,0.00000,0.00000,0.04223,
3.86526,1,normal,0.00000,0.00000,0.04223,
3.86974,1,normal,0.00000,0.00000,0.04223,
3.87481,1,normal,0.00000,0.00000,0.04223,
3.87916,1,normal,0.00000,0.00000,0.04223,
3.88337,1,normal,0.00000,0.00000,0.04223,
3.88779,1,normal,0.00000,0.00000,0.04223,
3.89213,1,normal,0.00000,0.00000,0.04223,
3.89686,1,normal,0.00000,0.00000,0.04223,
3.90114,1,normal,0.00000,0.00000,0.04223,
3.90647,1,normal,0.00000,0.00000,0.04223,
3.91074,1,normal,0.00000,0.00000,0.04223,
3.91545,1,normal,0.00000,0.00000,0.04223,
3.92009,1,normal,0.00000,0.00000,0.04223,
3.92424,1,normal,0.00000,0.00000,0.04223,
3.92843,1,normal,0.00000,0.00000,0.04223,
3.93273,1,normal,0.00000,0.00000,0.04223,
3.93734,1,normal,0.00000,0.00000,0.04223,
3.94164,1,normal,0.00000,0.00000,0.04223,
3.94597,1,normal,0.00000,0.00000,0.04223,
3.95024,1,normal,0.00000,0.00000,0.04223,
3.96380,1,normal,0.00000,0.00000,0.04223,
3.96814,1,normal,0.00000,0.00000,0.04223,
3.97235,1,normal,0.00000,0.00000,0.04223,
3.97697,1,normal,0.00000,0.00000,0.04223,
3.98142,1,normal,0.00000,0.00000,0.04223,
3.98585,1,normal,0.00000,0.00000,0.04223,
3.99008,1,normal,0.00000,0.00000,0.04223,
3.99484,1,normal,0.00000,0.00000,0.04223,
3.99904,1,normal,0.00000,0.00000,0.04223,
4.00445,1,normal,0.00000,0.00000,0.04223,
4.00852,1,normal,0.00000,0.00000,0.04223,
4.01274,1,normal,0.00000,0.00000,0.04223,
4.01756,1,normal,0.00000,0.00000,0.04223,
4.02194,1,normal,0.00000,0.00000,0.04223,
4.02644,1,normal,0.00000,0.00000,0.04223,
4.03095,1,normal,0.00000,0.00000,0.04223,
4.03601,1,normal,0.00000,0.00000,0.04223,
4.04027,1,normal,0.00000,0.00000,0.04223,
4.04455,1,normal,0.00000,0.00000,0.04223,
4.04900,1,normal,0.00000,0.00000,0.04223,
4.05383,1,normal,0.00000,0.00000,0.04223,
4.05815,1,normal,0.00000,0.00000,0.04223,
4.06257,1,normal,0.00000,0.00000,0.04223,
4.06682,1,normal,0.00000,0.00000,0.04223,
4.07117,1,normal,0.00000,0.00000,0.04223,
4.07582,1,normal,0.00000,0.00000,0.04223,
4.08017,1,normal,0.00000,0.00000,0.04223,
4.08434,1,normal,0.00000,0.00000,0.04223,
4.08901,1,normal,0.00000,0.00000,0.04223,
4.09386,1,normal,0.00000,0.00000,0.04223,
4.10726,1,normal,0.00000,0.00000,0.04223,
4.12227,1,normal,0.00000,0.00000,0.04223,
4.12759,1,normal,0.00000,0.00000,0.04223,
4.13201,1,normal,0.00000,0.00000,0.04223,
4.13721,1,normal,0.00000,0.00000,0.04223,
4.14172,1,normal,0.00000,0.00000,0.04223,
4.14611,1,normal,0.00000,0.00000,0.04223,
4.15060,1,normal,0.00000,0.00000,0.04223,
4.15533,1,normal,0.00000,0.00000,0.04223,
4.15974,1,normal,0.00000,0.00000,0.04223,
4.16404,1,normal,0.00000,0.00000,0.04223,
4.16830,1,normal,0.00000,0.00000,0.04223,
4.17261,1,normal,0.00000,0.00000,0.04223,
4.17725,1,normal,0.00000,0.00000,0.04223,
4.18178,1,normal,0.00000,0.00000,0.04223,
4.18603,1,normal,0.00000,0.00000,0.04223,
4.19043,1,normal,0.00000,0.00000,0.04223,
4.19584,1,normal,0.00000,0.00000,0.04223,
4.20027,1,normal,0.00000,0.00000,0.04223,
4.20460,1,normal,0.00000,0.00000,0.04223,
4.20899,1,normal,0.00000,0.00000,0.04223,
4.21405,1,normal,0.00000,0.00000,0.04223,
4.21869,1,normal,0.00000,0.00000,0.04223,
4.22331,1,normal,0.00000,0.00000,0.04223,
4.22762,1,normal,0.00000,0.00000,0.04223,
4.23190,1,normal,0.00000,0.00000,0.04223,
4.23704,1,normal,0.00000,0.00000,0.04223,
4.24151,1,normal,0.00000,0.00000,0.04223,
4.24586,1,normal,0.00000,0.00000,0.04223,
4.25015,1,normal,0.00000,0.00000,0.04223,
4.25505,1,normal,0.00000,0.00000,0.04223,
4.26805,1,normal,0.00000,0.00000,0.04223,
4.27301,1,normal,0.00000,0.00000,0.04223,
4.27800,1,normal,0.00000,0.00000,0.04223,
4.28249,1,normal,0.00000,0.00000,0.04223,
4.28688,1,normal,0.00000,0.00000,0.04223,
4.29133,1,normal,0.00000,0.00000,0.04223,
4.29620,1,normal,0.00000,0.00000,0.04223,
4.30045,1,normal,0.00000,0.00000,0.04223,
4.30483,1,normal,0.00000,0.00000,0.04223,
4.31005,1,normal,0.00000,0.00000,0.04223,
4.31488,1,normal,0.00000,0.00000,0.04223,
4.31922,1,normal,0.00000,0.00000,0.04223,
4.32363,1,normal,0.00000,0.00000,0.04223,
4.32802,1,normal,0.00000,0.00000,0.04223,
4.33233,1,normal,0.00000,0.00000,0.04223,
4.33726,1,normal,0.00000,0.00000,0.04223,
4.34153,1,normal,0.00000,0.00000,0.04223,
4.34572,1,normal,0.00000,0.00000,0.04223,
4.34997,1,normal,0.00000,0.00000,0.04223,
4.35465,1,normal,0.00000,0.00000,0.04223,
4.35906,1,normal,0.00000,0.00000,0.04223,
4.36402,1,normal,0.00000,0.00000,0.04223,
4.36886,1,normal,0.00000,0.00000,0.04223,
4.37411,1,normal,0.00000,0.00000,0.04223,
4.37884,1,normal,0.00000,0.00000,0.04223,
4.38333,1,normal,0.00000,0.00000,0.04223,
4.38789,1,normal,0.00000,0.00000,0.04223,
4.39243,1,normal,0.00000,0.00000,0.04223,
4.39732,1,normal,0.00000,0.00000,0.04223,
4.40191,1,normal,0.00000,0.00000,0.04223,
4.40755,2,normal,0.00000,0.00000,0.04223,
4.41484,2,normal,0.00000,0.00000,0.04223,
4.42044,2,normal,0.00000,0.00000,0.04223,
4.42607,2,normal,0.00000,0.00000,0.04223,
4.43180,2,normal,0.00000,0.00000,0.04223,
4.43697,2,normal,0.00000,0.00000,0.04223,
4.44175,2,normal,0.00000,0.00000,0.04223,
4.44679,2,normal,0.00000,0.00000,0.04223,
4.45206,2,normal,0.00000,0.00000,0.04223,
4.45707,2,normal,0.00000,0.00000,0.04223,
4.46226,2,normal,0.00000,0.00000,0.04223,
4.46724,2,normal,0.00000,0.00000,0.04223,
4.47283,2,normal,0.00000,0.00000,0.04223,
4.47995,2,normal,0.00000,0.00000,0.04223,
4.48508,2,normal,0.00000,0.00000,0.04223,
4.50096,2,normal,0.00000,0.00000,0.04223,
4.50657,2,normal,0.00000,0.00000,0.04223,
4.51307,2,normal,0.00000,0.00000,0.04223,
4.51893,2,normal,0.00000,0.00000,0.04223,
4.53239,2,normal,0.00000,0.00000,0.04223,
4.53791,2,normal,0.00000,0.00000,0.04223,
4.54231,2,normal,0.00000,0.00000,0.04223,
4.54670,2,normal,0.00000,0.00000,0.04223,
4.55168,2,normal,0.00000,0.00000,0.04223,
4.55606,2,normal,0.00000,0.00000,0.04223,
4.56064,2,normal,0.00000,0.00000,0.04223,
4.56526,2,normal,0.00000,0.00000,0.04223,
4.57028,2,normal,0.00000,0.00000,0.04223,
4.57470,2,normal,0.00000,0.00000,0.04223,
4.57982,2,normal,0.00000,0.00000,0.04223,
4.58426,2,normal,0.00000,0.00000,0.04223,
4.58931,2,normal,0.00000,0.00000,0.04223,
4.59363,2,normal,0.00000,0.00000,0.04223,
4.59785,2,normal,0.00000,0.00000,0.04223,
4.60227,2,normal,0.00000,0.00000,0.04223,
4.60676,2,normal,0.00000,0.00000,0.04223,
4.61283,2,normal,0.00000,0.00000,0.04223,
4.61718,2,normal,0.00000,0.00000,0.04223,
4.62157,2,normal,0.00000,0.00000,0.04223,
4.62608,2,normal,0.00000,0.00000,0.04223,
4.63085,2,normal,0.00000,0.00000,0.04223,
4.63542,2,normal,0.00000,0.00000,0.04223,
4.63969,2,normal,0.00000,0.00000,0.04223,
4.64715,2,normal,0.00000,0.00000,0.04223,
4.65227,2,normal,0.00000,0.00000,0.04223,
4.65719,2,normal,0.00000,0.00000,0.04223,
4.66158,2,normal,0.00000,0.00000,0.04223,
4.66620,2,normal,0.00000,0.00000,0.04223,
4.67128,2,normal,0.00000,0.00000,0.04223,
4.68894,2,normal,0.00000,0.00000,0.04223,
4.69533,2,normal,0.00000,0.00000,0.04223,
4.70009,2,normal,0.00000,0.00000,0.04223,
4.70451,2,normal,0.00000,0.00000,0.04223,
4.70926,2,normal,0.00000,0.00000,0.04223,
4.71360,2,normal,0.00000,0.00000,0.04223,
4.71805,2,normal,0.00000,0.00000,0.04223,
4.72236,2,normal,0.00000,0.00000,0.04223,
4.72678,2,normal,0.00000,0.00000,0.04223,
4.73157,2,normal,0.00000,0.00000,0.04223,
4.73593,2,normal,0.00000,0.00000,0.04223,
4.74019,2,normal,0.00000,0.00000,0.04223,
4.74450,2,normal,0.00000,0.00000,0.04223,
4.74948,2,normal,0.00000,0.00000,0.04223,
4.75412,2,normal,0.00000,0.00000,0.04223,
4.75862,2,normal,0.00000,0.00000,0.04223,
4.76284,2,normal,0.00000,0.00000,0.04223,
4.77653,2,normal,0.00000,0.00000,0.04223,
4.78170,2,normal,0.00000,0.00000,0.04223,
4.78617,2,normal,0.00000,0.00000,0.04223,
4.79118,2,normal,0.00000,0.00000,0.04223,
4.79578,2,normal,0.00000,0.00000,0.04223,
4.80030,2,normal,0.00000,0.00000,0.04223,
4.80489,2,normal,0.00000,0.00000,0.04223,
4.81290,2,normal,0.00000,0.00000,0.04223,
4.81731,2,normal,0.00000,0.00000,0.04223,
4.82186,2,normal,0.00000,0.00000,0.04223,
4.83499,2,normal,0.00000,0.00000,0.04223,
4.83996,2,normal,0.00000,0.00000,0.04223,
4.84627,2,normal,0.00000,0.00000,0.04223,
4.85121,2,normal,0.00000,0.00000,0.04223,
4.85566,2,normal,0.00000,0.00000,0.04223,
4.86007,2,normal,0.00000,0.00000,0.04223,
4.86435,2,normal,0.00000,0.00000,0.04223,
4.86914,2,normal,0.00000,0.00000,0.04223,
4.87378,2,normal,0.00000,0.00000,0.04223,
4.87956,2,normal,0.00000,0.00000,0.04223,
4.88409,2,normal,0.00000,0.00000,0.04223,
4.88958,2,normal,0.00000,0.00000,0.04223,
4.89527,2,normal,0.00000,0.00000,0.04223,
4.89986,2,normal,0.00000,0.00000,0.04223,
4.90427,2,normal,0.00000,0.00000,0.04223,
4.91281,2,normal,0.00000,0.00000,0.04223,
4.91741,2,normal,0.00000,0.00000,0.04223,
4.92186,2,normal,0.00000,0.00000,0.04223,
4.92635,2,normal,0.00000,0.00000,0.04223,
4.93137,2,normal,0.00000,0.00000,0.04223,
4.93607,2,normal,0.00000,0.00000,0.04223,
4.94039,2,normal,0.00000,0.00000,0.04223,
4.94616,2,normal,0.00000,0.00000,0.04223,
4.95132,2,normal,0.00000,0.00000,0.04223,
4.95578,2,normal,0.00000,0.00000,0.04223,
4.96026,2,normal,0.00000,0.00000,0.04223,
4.96490,2,normal,0.00000,0.00000,0.04223,
4.97021,2,normal,0.00000,0.00000,0.04223,
4.97456,2,normal,0.00000,0.00000,0.04223,
4.98806,2,normal,0.00000,0.00000,0.04223,
4.99346,2,normal,0.00000,0.00000,0.04223,
4.99810,2,normal,0.00000,0.00000,0.04223,
5.00248,2,normal,0.00000,0.00000,0.04223,
5.01078,2,normal,0.00000,0.00000,0.04223,
5.01605,2,normal,0.00000,0.00000,0.04223,
5.02017,2,normal,0.00000,0.00000,0.04223,
5.02437,2,normal,0.00000,0.00000,0.04223,
5.02910,2,normal,0.00000,0.00000,0.04223,
5.03335,2,normal,0.00000,0.00000,0.04223,
5.03776,2,normal,0.00000,0.00000,0.04223,
5.04658,2,normal,0.00000,0.00000,0.04223,
5.05157,2,normal,0.00000,0.00000,0.04223,
5.06429,2,normal,0.00000,0.00000,0.04223,
5.07005,2,normal,0.00000,0.00000,0.04223,
5.07492,2,normal,0.00000,0.00000,0.04223,
5.07951,2,normal,0.00000,0.00000,0.04223,
5.08412,2,normal,0.00000,0.00000,0.04223,
5.08896,2,normal,0.00000,0.00000,0.04223,
5.09323,2,normal,0.00000,0.00000,0.04223,
5.09869,2,normal,0.00000,0.00000,0.04223,
5.10308,2,normal,0.00000,0.00000,0.04223,
5.10816,2,normal,0.00000,0.00000,0.04223,
5.11262,2,normal,0.00000,0.00000,0.04223,
5.11707,2,normal,0.00000,0.00000,0.04223,
5.12137,2,normal,0.00000,0.00000,0.04223,
5.12584,2,normal,0.00000,0.00000,0.04223,
5.13952,2,normal,0.00000,0.00000,0.04223,
5.14417,2,normal,0.00000,0.00000,0.04223,
5.14898,2,normal,0.00000,0.00000,0.04223,
5.15339,2,normal,0.00000,0.00000,0.04223,
5.15767,2,normal,0.00000,0.00000,0.04223,
5.16203,2,normal,0.00000,0.00000,0.04223,
5.16647,2,normal,0.00000,0.00000,0.04223,
5.17125,2,normal,0.00000,0.00000,0.04223,
5.17561,2,normal,0.00000,0.00000,0.04223,
5.17987,2,normal,0.00000,0.00000,0.04223,
5.18416,2,normal,0.00000,0.00000,0.04223,
5.18890,2,normal,0.00000,0.00000,0.04223,
5.19338,2,normal,0.00000,0.00000,0.04223,
5.19788,2,normal,0.00000,0.00000,0.04223,
5.20217,2,normal,0.00000,0.00000,0.04223,
5.20649,2,normal,0.00000,0.00000,0.04223,
5.21121,2,normal,0.00000,0.00000,0.04223,
5.21567,2,normal,0.00000,0.00000,0.04223,
5.22000,2,normal,0.00000,0.00000,0.04223,
5.22446,2,normal,0.00000,0.00000,0.04223,
5.22950,2,normal,0.00000,0.00000,0.04223,
5.23404,2,normal,0.00000,0.00000,0.04223,
5.23857,2,normal,0.00000,0.00000,0.04223,
5.24296,2,normal,0.00000,0.00000,0.04223,
5.24799,2,normal,0.00000,0.00000,0.04223,
5.25239,2,normal,0.00000,0.00000,0.04223,
5.25677,2,normal,0.00000,0.00000,0.04223,
5.26111,2,normal,0.00000,0.00000,0.04223,
5.26557,2,normal,0.00000,0.00000,0.04223,
5.27018,2,normal,0.00000,0.00000,0.04223,
5.27437,2,normal,0.00000,0.00000,0.04223,
5.27876,2,normal,0.00000,0.00000,0.04223,
5.29178,2,normal,0.00000,0.00000,0.04223,
5.29677,2,normal,0.00000,0.00000,0.04223,
5.30239,2,normal,0.00000,0.00000,0.04223,
5.30675,2,normal,0.00000,0.00000,0.04223,
5.31156,2,normal,0.00000,0.00000,0.04223,
5.31610,2,normal,0.00000,0.00000,0.04223,
5.32037,2,normal,0.00000,0.00000,0.04223,
5.33251,2,normal,0.00000,0.00000,0.04223,
5.33767,2,normal,0.00000,0.00000,0.04223,
5.34209,2,normal,0.00000,0.00000,0.04223,
5.34636,2,normal,0.00000,0.00000,0.04223,
5.35127,2,normal,0.00000,0.00000,0.04223,
5.35546,2,normal,0.00000,0.00000,0.04223,
5.35959,2,normal,0.00000,0.00000,0.04223,
5.36367,2,normal,0.00000,0.00000,0.04223,
5.36830,2,normal,0.00000,0.00000,0.04223,
5.37268,2,normal,0.00000,0.00000,0.04223,
5.37748,2,normal,0.00000,0.00000,0.04223,
5.38218,2,normal,0.00000,0.00000,0.04223,
5.38674,2,normal,0.00000,0.00000,0.04223,
5.39334,2,normal,0.00000,0.00000,0.04223,
5.39808,2,normal,0.00000,0.00000,0.04223,
5.40266,2,normal,0.00000,0.00000,0.04223,
5.40800,2,normal,0.00000,0.00000,0.04223,
5.41258,2,normal,0.00000,0.00000,0.04223,
5.41718,2,normal,0.00000,0.00000,0.04223,
5.42159,2,normal,0.00000,0.00000,0.04223,
5.42602,2,normal,0.00000,0.00000,0.04223,
5.43105,2,normal,0.00000,0.00000,0.04223,
5.44388,2,normal,0.00000,0.00000,0.04223,
5.44929,2,normal,0.00000,0.00000,0.04223,
5.45390,2,normal,0.00000,0.00000,0.04223,
5.45846,2,normal,0.00000,0.00000,0.04223,
5.46295,2,normal,0.00000,0.00000,0.04223,
5.46778,2,normal,0.00000,0.00000,0.04223,
5.47217,2,normal,0.00000,0.00000,0.04223,
5.47659,2,normal,0.00000,0.00000,0.04223,
5.48087,2,normal,0.00000,0.00000,0.04223,
5.48521,2,normal,0.00000,0.00000,0.04223,
5.49048,2,normal,0.00000,0.00000,0.04223,
5.49531,2,normal,0.00000,0.00000,0.04223,
5.49987,2,normal,0.00000,0.00000,0.04223,
5.50581,2,normal,0.00000,0.00000,0.04223,
5.51133,2,normal,0.00000,0.00000,0.04223,
5.51601,2,normal,0.00000,0.00000,0.04223,
5.52068,2,normal,0.00000,0.00000,0.04223,
5.52539,2,normal,0.00000,0.00000,0.04223,
5.53027,2,normal,0.00000,0.00000,0.04223,
5.53470,2,normal,0.00000,0.00000,0.04223,
5.53897,2,normal,0.00000,0.00000,0.04223,
5.54339,2,normal,0.00000,0.00000,0.04223,
5.54837,2,normal,0.00000,0.00000,0.04223,
5.55269,2,normal,0.00000,0.00000,0.04223,
5.55709,2,normal,0.00000,0.00000,0.04223,
5.56149,2,normal,0.00000,0.00000,0.04223,
5.56585,2,normal,0.00000,0.00000,0.04223,
5.57051,2,normal,0.00000,0.00000,0.04223,
5.57466,2,normal,0.00000,0.00000,0.04223,
5.57907,2,normal,0.00000,0.00000,0.04223,
5.58356,2,normal,0.00000,0.00000,0.04223,
5.60562,2,normal,0.00000,0.00000,0.04223,
5.61124,2,normal,0.00000,0.00000,0.04223,
5.61565,2,normal,0.00000,0.00000,0.04223,
5.62010,2,normal,0.00000,0.00000,0.04223,
5.62450,2,normal,0.00000,0.00000,0.04223,
5.62922,2,normal,0.00000,0.00000,0.04223,
5.63366,2,normal,0.00000,0.00000,0.04223,
5.63799,2,normal,0.00000,0.00000,0.04223,
5.64241,2,normal,0.00000,0.00000,0.04223,
5.64696,2,normal,0.00000,0.00000,0.04223,
5.65245,2,normal,0.00000,0.00000,0.04223,
5.65687,2,normal,0.00000,0.00000,0.04223,
5.66122,2,normal,0.00000,0.00000,0.04223,
5.66569,2,normal,0.00000,0.00000,0.04223,
5.67063,2,normal,0.00000,0.00000,0.04223,
5.67507,2,normal,0.00000,0.00000,0.04223,
5.67947,2,normal,0.00000,0.00000,0.04223,
5.68402,2,normal,0.00000,0.00000,0.04223,
5.68887,2,normal,0.00000,0.00000,0.04223,
5.69331,2,normal,0.00000,0.00000,0.04223,
5.69778,2,normal,0.00000,0.00000,0.04223,
5.70211,2,normal,0.00000,0.00000,0.04223,
5.70760,2,normal,0.00000,0.00000,0.04223,
5.71246,2,normal,0.00000,0.00000,0.04223,
5.71675,2,normal,0.00000,0.00000,0.04223,
5.72107,2,normal,0.00000,0.00000,0.04223,
5.72547,2,normal,-0.00555,0.00000,0.04223,
5.73103,2,normal,-0.01063,0.00000,0.04223,
5.73610,2,normal,-0.02556,0.00000,0.02730,
5.75104,2,normal,-0.04049,0.00000,0.01237,
5.76596,2,normal,-0.05630,0.00000,-0.00343,
5.78177,2,normal,-0.07259,0.00000,-0.01973,
5.79806,2,normal,-0.08831,0.00000,-0.03545,
5.81378,2,normal,-0.10418,0.00000,-0.05132,
5.82966,2,normal,-0.12032,0.00000,-0.06745,
5.84579,2,normal,-0.13643,0.00000,-0.08357,
5.86190,2,normal,-0.15192,0.00000,-0.09906,
5.87739,2,normal,-0.16686,0.00000,-0.11399,
5.89233,2,normal,-0.18990,0.00000,-0.13703,
5.91537,2,normal,-0.21185,0.00000,-0.15898,
5.93732,2,normal,-0.22712,0.00000,-0.17425,
5.95259,2,normal,-0.24315,0.00000,-0.19028,
5.96862,2,normal,-0.25940,0.00000,-0.20654,
5.98487,2,normal,-0.27520,0.00000,-0.22233,
6.00067,2,normal,-0.28969,0.00000,-0.23683,
6.01516,2,normal,-0.30555,0.00000,-0.25269,
6.03102,2,normal,-0.32046,0.00000,-0.26760,
6.04593,2,normal,-0.33648,0.00000,-0.28362,
6.06195,2,normal,-0.35109,0.00000,-0.29823,
6.07657,2,normal,-0.36591,0.00000,-0.31304,
6.09138,2,normal,-0.38166,0.00000,-0.32879,
6.10713,2,normal,-0.39660,0.00000,-0.34373,
6.12207,2,normal,-0.41350,0.00000,-0.36064,
6.13898,2,normal,-0.42856,0.00000,-0.37569,
6.15403,2,normal,-0.42856,0.00000,-0.37569,
6.17158,2,normal,-0.42856,0.00000,-0.37569,
6.18574,2,normal,-0.42856,0.00000,-0.37569,
6.20038,2,normal,-0.42856,0.00000,-0.37569,
6.21944,2,normal,-0.42856,0.00000,-0.37569,
6.23276,2,normal,-0.42856,0.00000,-0.37569,
6.23937,2,normal,-0.42856,0.00000,-0.37569,
6.24467,2,normal,-0.42856,0.00000,-0.37569,
6.25049,2,normal,-0.42856,0.00000,-0.37569,
6.25497,2,normal,-0.42856,0.00000,-0.37569,
6.25960,2,normal,-0.42856,0.00000,-0.37569,
6.26396,2,normal,-0.42856,0.00000,-0.37569,
6.26888,2,normal,-0.42856,0.00000,-0.37569,
6.27336,2,normal,-0.42856,0.00000,-0.37569,
6.27779,2,normal,-0.42856,0.00000,-0.37569,
6.28220,2,normal,-0.42856,0.00000,-0.37569,
6.28667,2,normal,-0.42856,0.00000,-0.37569,
6.29195,2,normal,-0.42856,0.00000,-0.37569,
6.29649,2,normal,-0.42856,0.00000,-0.37569,
6.30081,2,normal,-0.42856,0.00000,-0.37569,
6.30516,2,normal,-0.42856,0.00000,-0.37569,
6.31005,2,normal,-0.42856,0.00000,-0.37569,
6.31435,2,normal,-0.42856,0.00000,-0.37569,
6.31861,2,normal,-0.42856,0.00000,-0.37569,
6.32288,2,normal,-0.42856,0.00000,-0.37569,
6.32902,2,normal,-0.42856,0.00000,-0.37569,
6.33338,2,normal,-0.42856,0.00000,-0.37569,
6.33760,2,normal,-0.42856,0.00000,-0.37569,
6.34197,2,normal,-0.42856,0.00000,-0.37569,
6.34628,2,normal,-0.42856,0.00000,-0.37569,
6.35137,2,normal,-0.42856,0.00000,-0.37569,
6.36448,2,normal,-0.42856,0.00000,-0.37569,
6.36928,2,normal,-0.42856,0.00000,-0.37569,
6.37365,2,normal,-0.42856,0.00000,-0.37569,
6.37802,2,normal,-0.42856,0.00000,-0.37569,
6.38236,2,normal,-0.42856,0.00000,-0.37569,
6.38659,2,normal,-0.42856,0.00000,-0.37569,
6.39159,2,normal,-0.42856,0.00000,-0.37569,
6.39599,2,normal,-0.42856,0.00000,-0.37569,
6.40036,2,normal,-0.42856,0.00000,-0.37569,
6.40470,2,normal,-0.42856,0.00000,-0.37569,
6.40973,2,normal,-0.42856,0.00000,-0.37569,
6.41418,2,normal,-0.42856,0.00000,-0.37569,
6.41849,2,normal,-0.42856,0.00000,-0.37569,
6.42275,2,normal,-0.42856,0.00000,-0.37569,
6.42760,2,normal,-0.42856,0.00000,-0.37569,
6.43189,2,normal,-0.42856,0.00000,-0.37569,
6.43619,2,normal,-0.42856,0.00000,-0.37569,
6.44056,2,normal,-0.42856,0.00000,-0.37569,
6.44489,2,normal,-0.42856,0.00000,-0.37569,
6.44965,2,normal,-0.42856,0.00000,-0.37569,
6.45395,2,normal,-0.42856,0.00000,-0.37569,
6.45839,2,normal,-0.42856,0.00000,-0.37569,
6.46281,2,normal,-0.42856,0.00000,-0.37569,
6.46756,2,normal,-0.42856,0.00000,-0.37569,
6.47177,2,normal,-0.42856,0.00000,-0.37569,
6.47615,2,normal,-0.42856,0.00000,-0.37569,
6.48751,2,normal,-0.42856,0.00000,-0.37569,
6.49682,2,normal,-0.42856,0.00000,-0.37569,
6.50651,2,normal,-0.42856,0.00000,-0.37569,
6.52078,2,normal,-0.42856,0.00000,-0.37569,
6.52553,2,normal,-0.42856,0.00000,-0.37569,
6.53169,2,normal,-0.42856,0.00000,-0.37569,
6.53608,2,normal,-0.42856,0.00000,-0.37569,
6.54067,2,normal,-0.42856,0.00000,-0.37569,
6.54764,2,normal,-0.42856,0.00000,-0.37569,
6.55260,2,normal,-0.42856,0.00000,-0.37569,
6.55687,2,normal,-0.42856,0.00000,-0.37569,
6.56118,2,normal,-0.42856,0.00000,-0.37569,
6.56546,2,normal,-0.42856,0.00000,-0.37569,
6.57069,2,normal,-0.42856,0.00000,-0.37569,
6.57499,2,normal,-0.42856,0.00000,-0.37569,
6.57911,2,normal,-0.42856,0.00000,-0.37569,
6.58336,2,normal,-0.42856,0.00000,-0.37569,
6.58803,2,normal,-0.42856,0.00000,-0.37569,
6.59229,2,normal,-0.42856,0.00000,-0.37569,
6.59667,2,normal,-0.42856,0.00000,-0.37569,
6.60094,2,normal,-0.42856,0.00000,-0.37569,
6.60547,2,normal,-0.42856,0.00000,-0.37569,
6.61032,2,normal,-0.42856,0.00000,-0.37569,
6.61469,2,normal,-0.42856,0.00000,-0.37569,
6.61903,2,normal,-0.42856,0.00000,-0.37569,
6.62338,2,normal,-0.42856,0.00000,-0.37569,
6.62830,2,normal,-0.42856,0.00000,-0.37569,
6.63265,2,normal,-0.42856,0.00000,-0.37569,
6.63676,2,normal,-0.42856,0.00000,-0.37569,
6.64096,2,normal,-0.42856,0.00000,-0.37569,
6.64545,2,normal,-0.42856,0.00000,-0.37569,
6.65015,2,normal,-0.42856,0.00000,-0.37569,
6.65438,2,normal,-0.42856,0.00000,-0.37569,
6.66740,2,normal,-0.42856,0.00000,-0.37569,
6.67217,2,normal,-0.42856,0.00000,-0.37569,
6.67648,2,normal,-0.42856,0.00000,-0.37569,
6.68088,2,normal,-0.42856,0.00000,-0.37569,
6.68542,2,normal,-0.42856,0.00000,-0.37569,
6.69028,2,normal,-0.42856,0.00000,-0.37569,
6.69465,2,normal,-0.42856,0.00000,-0.37569,
6.69908,2,normal,-0.42856,0.00000,-0.37569,
6.70325,2,normal,-0.42856,0.00000,-0.37569,
6.70797,2,normal,-0.42856,0.00000,-0.37569,
6.71217,2,normal,-0.42856,0.00000,-0.37569,
6.71647,2,normal,-0.42856,0.00000,-0.37569,
6.72058,2,normal,-0.42856,0.00000,-0.37569,
6.72791,2,normal,-0.42856,0.00000,-0.37569,
6.73812,2,normal,-0.42856,0.00000,-0.37569,
6.74422,2,normal,-0.42856,0.00000,-0.37569,
6.74909,2,normal,-0.42856,0.00000,-0.37569,
6.75331,2,normal,-0.42856,0.00000,-0.37569,
6.75766,2,normal,-0.42856,0.00000,-0.37569,
6.76188,2,normal,-0.42856,0.00000,-0.37569,
6.76617,2,normal,-0.42856,0.00000,-0.37569,
6.77098,2,normal,-0.42856,0.00000,-0.37569,
6.77531,2,normal,-0.42856,0.00000,-0.37569,
6.77957,2,normal,-0.42856,0.00000,-0.37569,
6.78406,2,normal,-0.42856,0.00000,-0.37569,
6.78878,2,normal,-0.42856,0.00000,-0.37569,
6.79315,2,normal,-0.42856,0.00000,-0.37569,
6.79756,2,normal,-0.42856,0.00000,-0.37569,
6.80447,2,normal,-0.42856,0.00000,-0.37569,
6.81802,2,normal,-0.42856,0.00000,-0.37569,
6.82268,2,normal,-0.42856,0.00000,-0.37569,
6.82764,2,normal,-0.42856,0.00000,-0.37569,
6.83197,2,normal,-0.42856,0.00000,-0.37569,
6.83800,2,normal,-0.42856,0.00000,-0.37569,
6.84229,2,normal,-0.42856,0.00000,-0.37569,
6.84657,2,normal,-0.42856,0.00000,-0.37569,
6.85127,2,normal,-0.42856,0.00000,-0.37569,
6.85560,2,normal,-0.42856,0.00000,-0.37569,
6.86010,2,normal,-0.42856,0.00000,-0.37569,
6.86458,2,normal,-0.42856,0.00000,-0.37569,
6.87113,2,normal,-0.42856,0.00000,-0.37569,
6.87568,2,normal,-0.42340,0.00000,-0.37569,
6.88083,2,normal,-0.41819,0.00000,-0.37569,
6.88605,2,normal,-0.41224,0.00000,-0.36975,
6.89199,2,normal,-0.39725,0.00000,-0.35475,
6.90699,2,normal,-0.38177,0.00000,-0.33927,
6.92247,2,normal,-0.36532,0.00000,-0.32283,
6.93892,2,normal,-0.34891,0.00000,-0.30641,
6.95533,2,normal,-0.33260,0.00000,-0.29010,
6.97164,2,normal,-0.31122,0.00000,-0.26873,
6.99302,2,normal,-0.29007,0.00000,-0.24757,
7.01417,2,normal,-0.27246,0.00000,-0.22996,
7.03178,2,normal,-0.25518,0.00000,-0.21269,
7.04905,2,normal,-0.23839,0.00000,-0.19590,
7.06584,2,normal,-0.22209,0.00000,-0.17959,
7.08215,2,normal,-0.20613,0.00000,-0.16363,
7.09811,2,normal,-0.18961,0.00000,-0.14712,
7.11462,2,normal,-0.17162,0.00000,-0.12913,
7.13261,2,normal,-0.15594,0.00000,-0.11344,
7.14830,2,normal,-0.13789,0.00000,-0.09539,
7.16635,2,normal,-0.11951,0.00000,-0.07701,
7.18473,2,normal,-0.10383,0.00000,-0.06133,
7.20041,2,normal,-0.08741,0.00000,-0.04491,
7.21683,2,normal,-0.07112,0.00000,-0.02863,
7.23311,2,normal,-0.05428,0.00000,-0.02863,
7.24996,2,normal,-0.05428,0.00000,-0.02863,
7.27202,2,normal,-0.05428,0.00000,-0.02863,
7.29638,2,normal,-0.05428,0.00000,-0.02863,
7.31047,2,normal,-0.05428,0.00000,-0.02863,
7.31609,2,normal,-0.05428,0.00000,-0.02863,
7.32078,2,normal,-0.05428,0.00000,-0.02863,
7.32539,2,normal,-0.05428,0.00000,-0.02863,
7.33017,2,normal,-0.05428,0.00000,-0.02863,
7.33857,2,normal,-0.05428,0.00000,-0.02863,
7.34307,2,normal,-0.05428,0.00000,-0.02863,
7.34797,2,normal,-0.05428,0.00000,-0.02863,
7.35242,2,normal,-0.05428,0.00000,-0.02863,
7.36130,2,normal,-0.05428,0.00000,-0.02863,
7.36578,2,normal,-0.05428,0.00000,-0.02863,
7.37113,2,normal,-0.05428,0.00000,-0.02863,
7.37580,2,normal,-0.05428,0.00000,-0.02863,
7.38027,2,normal,-0.05428,0.00000,-0.02863,
7.38490,2,normal,-0.05428,0.00000,-0.02863,
7.38990,2,normal,-0.05428,0.00000,-0.02863,
7.39419,2,normal,-0.05428,0.00000,-0.02863,
7.39856,2,normal,-0.05428,0.00000,-0.02863,
7.40510,2,normal,-0.05428,0.00000,-0.02863,
7.41008,2,normal,-0.05428,0.00000,-0.02863,
7.41438,2,normal,-0.05428,0.00000,-0.02863,
7.41879,2,normal,-0.05428,0.00000,-0.02863,
7.42338,2,normal,-0.05428,0.00000,-0.02863,
7.43728,2,normal,-0.05428,0.00000,-0.02863,
7.44198,2,normal,-0.05428,0.00000,-0.02863,
7.44636,2,normal,-0.05428,0.00000,-0.02863,
7.45118,2,normal,-0.05428,0.00000,-0.02863,
7.45556,2,normal,-0.05428,0.00000,-0.02863,
7.45986,2,normal,-0.05428,0.00000,-0.02863,
7.46429,2,normal,-0.05428,0.00000,-0.02863,
7.47122,2,normal,-0.05428,0.00000,-0.02863,
7.47568,2,normal,-0.05428,0.00000,-0.02863,
7.47997,2,normal,-0.05428,0.00000,-0.02863,
7.48437,2,normal,-0.05428,0.00000,-0.02863,
7.48919,2,normal,-0.05428,0.00000,-0.02863,
7.49355,2,normal,-0.05428,0.00000,-0.02863,
7.49787,2,normal,-0.05428,0.00000,-0.02863,
7.50467,2,normal,-0.05428,0.00000,-0.02863,
7.51568,2,normal,-0.05428,0.00000,-0.02863,
7.52371,2,normal,-0.05428,0.00000,-0.02863,
7.52867,2,normal,-0.05428,0.00000,-0.02863,
7.53305,2,normal,-0.05428,0.00000,-0.02863,
7.53770,2,normal,-0.05428,0.00000,-0.02863,
7.54207,2,normal,-0.05428,0.00000,-0.02863,
7.54657,2,normal,-0.05428,0.00000,-0.02863,
7.55138,2,normal,-0.05428,0.00000,-0.02863,
7.55568,2,normal,-0.05428,0.00000,-0.02863,
7.56106,2,normal,-0.05428,0.00000,-0.02863,
7.56549,2,normal,-0.05428,0.00000,-0.02863,
7.56998,2,normal,-0.05428,0.00000,-0.02863,
7.57438,2,normal,-0.05428,0.00000,-0.02863,
7.58740,2,normal,-0.05428,0.00000,-0.02863,
7.59250,2,normal,-0.05428,0.00000,-0.02863,
7.59718,2,normal,-0.05428,0.00000,-0.02863,
7.60152,2,normal,-0.05428,0.00000,-0.02863,
7.60588,2,normal,-0.05428,0.00000,-0.02863,
7.61053,2,normal,-0.05428,0.00000,-0.02863,
7.61498,2,normal,-0.05428,0.00000,-0.02863,
7.61946,2,normal,-0.05428,0.00000,-0.02863,
7.62397,2,normal,-0.05428,0.00000,-0.02863,
7.62864,2,normal,-0.05428,0.00000,-0.02863,
7.63296,2,normal,-0.05428,0.00000,-0.02863,
7.63728,2,normal,-0.05428,0.00000,-0.02863,
7.64167,2,normal,-0.05428,0.00000,-0.02863,
7.64608,2,normal,-0.05428,0.00000,-0.02863,
7.65089,2,normal,-0.05428,0.00000,-0.02863,
7.65538,2,normal,-0.05428,0.00000,-0.02863,
7.65983,2,normal,-0.05428,0.00000,-0.02863,
7.66427,2,normal,-0.05428,0.00000,-0.02863,
7.66904,2,normal,-0.05428,0.00000,-0.02863,
7.67346,2,normal,-0.05428,0.00000,-0.02863,
7.67777,2,normal,-0.05428,0.00000,-0.02863,
7.68199,2,normal,-0.05428,0.00000,-0.02863,
7.68639,2,normal,-0.05428,0.00000,-0.02863,
7.69128,2,normal,-0.05428,0.00000,-0.02863,
7.69560,2,normal,-0.05428,0.00000,-0.02863,
7.69995,2,normal,-0.05428,0.00000,-0.02863,
7.70421,2,normal,-0.05428,0.00000,-0.02863,
7.70889,2,normal,-0.05428,0.00000,-0.02863,
7.71316,2,normal,-0.05428,0.00000,-0.02863,
7.71751,2,normal,-0.05428,0.00000,-0.02863,
7.72199,2,normal,-0.05428,0.00000,-0.02863,
7.72641,2,normal,-0.05428,0.00000,-0.02863,
7.73978,2,normal,-0.05428,0.00000,-0.02361,
7.74481,2,normal,-0.05428,0.00000,-0.01810,
7.75031,2,normal,-0.04908,0.00000,-0.01291,
7.75551,2,normal,-0.03402,0.00000,0.00216,
7.77057,2,normal,-0.00884,0.00000,0.02733,
7.79575,2,normal,0.00849,0.00000,0.04467,
7.81308,2,normal,0.02435,0.00000,0.06053,
7.82894,2,normal,0.02435,0.00000,0.06053,
7.84650,2,normal,0.02435,0.00000,0.06053,
7.86016,2,normal,0.02435,0.00000,0.06053,
7.87383,2,normal,0.02435,0.00000,0.06053,
7.88723,2,normal,0.02435,0.00000,0.06053,
7.90069,2,normal,0.02435,0.00000,0.06053,
7.90559,2,normal,0.02435,0.00000,0.06053,
7.91072,2,normal,0.02435,0.00000,0.06053,
7.91529,2,normal,0.02435,0.00000,0.06053,
7.91978,2,normal,0.02435,0.00000,0.06053,
7.92430,2,normal,0.02435,0.00000,0.06053,
7.92897,2,normal,0.02435,0.00000,0.06053,
7.93337,2,normal,0.02435,0.00000,0.06053,
7.93767,2,normal,0.02435,0.00000,0.06053,
7.94209,2,normal,0.02435,0.00000,0.06053,
7.94655,2,normal,0.02435,0.00000,0.06053,
7.95145,2,normal,0.02435,0.00000,0.06053,
7.95578,2,normal,0.02435,0.00000,0.06053,
7.96009,2,normal,0.02435,0.00000,0.06053,
7.96448,2,normal,0.02435,0.00000,0.06053,
7.96935,2,normal,0.02435,0.00000,0.06053,
7.97380,2,normal,0.02435,0.00000,0.06053,
7.97939,2,normal,0.02435,0.00000,0.06053,
7.98386,2,normal,0.02435,0.00000,0.06053,
7.98865,2,normal,0.02435,0.00000,0.06053,
7.99303,2,normal,0.02435,0.00000,0.06053,
7.99736,2,normal,0.02435,0.00000,0.06053,
8.00170,2,normal,0.02435,0.00000,0.06053,
8.00598,2,normal,0.02435,0.00000,0.06053,
8.01078,2,normal,0.02435,0.00000,0.06053,
8.01518,2,normal,0.02435,0.00000,0.06053,
8.01966,2,normal,0.02435,0.00000,0.06053,
8.02408,2,normal,0.02435,0.00000,0.06053,
8.02880,2,normal,0.02435,0.00000,0.06053,
8.03319,2,normal,0.02435,0.00000,0.06053,
8.03758,2,normal,0.02435,0.00000,0.06053,
8.05076,2,normal,0.02435,0.00000,0.06053,
8.05619,2,normal,0.02435,0.00000,0.06053,
8.06056,2,normal,0.02435,0.00000,0.06053,
8.06509,2,normal,0.02435,0.00000,0.06053,
8.07908,2,normal,0.02435,0.00000,0.06053,
8.08459,2,normal,0.02435,0.00000,0.06053,
8.08998,2,normal,0.02435,0.00000,0.06053,
8.09432,2,normal,0.02435,0.00000,0.06053,
8.09856,2,normal,0.02435,0.00000,0.06053,
8.10277,2,normal,0.02435,0.00000,0.06053,
8.10745,2,normal,0.02435,0.00000,0.06053,
8.11171,2,normal,0.02435,0.00000,0.06053,
8.11637,2,normal,0.02435,0.00000,0.06053,
8.12078,2,normal,0.02435,0.00000,0.06053,
8.12526,2,normal,0.02435,0.00000,0.06053,
8.13007,2,normal,0.02435,0.00000,0.06053,
8.13448,2,normal,0.02435,0.00000,0.06053,
8.13890,2,normal,0.02435,0.00000,0.06053,
8.14325,2,normal,0.02435,0.00000,0.06053,
8.14816,2,normal,0.02435,0.00000,0.06053,
8.15251,2,normal,0.02435,0.00000,0.06053,
8.15687,2,normal,0.02435,0.00000,0.06053,
8.16124,2,normal,0.02435,0.00000,0.06053,
8.16569,2,normal,0.02435,0.00000,0.06053,
8.17048,2,normal,0.02435,0.00000,0.06053,
8.17491,2,normal,0.02435,0.00000,0.06053,
8.18046,2,normal,0.02435,0.00000,0.06053,
8.18488,2,normal,0.02435,0.00000,0.06053,
8.19008,2,normal,0.02435,0.00000,0.06053,
8.20334,2,normal,0.02435,0.00000,0.06053,
8.20826,2,normal,0.02435,0.00000,0.06053,
8.21245,2,normal,0.02435,0.00000,0.06053,
8.21667,2,normal,0.02435,0.00000,0.06053,
8.22105,2,normal,0.02435,0.00000,0.06053,
8.22539,2,normal,0.02435,0.00000,0.06053,
8.23048,2,normal,0.02435,0.00000,0.06053,
8.23527,2,normal,0.02435,0.00000,0.06053,
8.23977,2,normal,0.02435,0.00000,0.06053,
8.24427,2,normal,0.02435,0.00000,0.06053,
8.24991,2,normal,0.02435,0.00000,0.06053,
8.25422,2,normal,0.02435,0.00000,0.06053,
8.25910,2,normal,0.02435,0.00000,0.06053,
8.26368,2,normal,0.02435,0.00000,0.06053,
8.26909,2,normal,0.02435,0.00000,0.06053,
8.27367,2,normal,0.02435,0.00000,0.06053,
8.27789,2,normal,0.02435,0.00000,0.06053,
8.28222,2,normal,0.02435,0.00000,0.06053,
8.28653,2,normal,0.02435,0.00000,0.06053,
8.29166,2,normal,0.02435,0.00000,0.06053,
8.29610,2,normal,0.02435,0.00000,0.06053,
8.30062,2,normal,0.02435,0.00000,0.06053,
8.30495,2,normal,0.02435,0.00000,0.06053,
8.30993,2,normal,0.02435,0.00000,0.06053,
8.31430,2,normal,0.02435,0.00000,0.06053,
8.31873,2,normal,0.02435,0.00000,0.06053,
8.32310,2,normal,0.02435,0.00000,0.06053,
8.32765,2,normal,0.02435,0.00000,0.06053,
8.33180,2,normal,0.02435,0.00000,0.06053,
8.34442,2,normal,0.02435,0.00000,0.06053,
8.35021,2,normal,0.02435,0.00000,0.06053,
8.36432,2,normal,0.02435,0.00000,0.06053,
8.36948,2,normal,0.02435,0.00000,0.06053,
8.37393,2,normal,0.02435,0.00000,0.06053,
8.37838,2,normal,0.02435,0.00000,0.06053,
8.38420,2,normal,0.02435,0.00000,0.06053,
8.38908,2,normal,0.02435,0.00000,0.06053,
8.39343,2,normal,0.02435,0.00000,0.06053,
8.39776,2,normal,0.02435,0.00000,0.06053,
8.40223,2,normal,0.02435,0.00000,0.06053,
8.40661,2,normal,0.02435,0.00000,0.06053,
8.41145,2,normal,0.02435,0.00000,0.06053,
8.41590,2,normal,0.02435,0.00000,0.06053,
8.42037,2,normal,0.02435,0.00000,0.06053,
8.42486,2,normal,0.02435,0.00000,0.06053,
8.42973,2,normal,0.02435,0.00000,0.06053,
8.43417,2,normal,0.02435,0.00000,0.06053,
8.43826,2,normal,0.02435,0.00000,0.06053,
8.44261,2,normal,0.02435,0.00000,0.06053,
8.44766,2,normal,0.02435,0.00000,0.06053,
8.45204,2,normal,0.02435,0.00000,0.06053,
8.45639,2,normal,0.02435,0.00000,0.06053,
8.46059,2,normal,0.02435,0.00000,0.06053,
8.46488,2,normal,0.02435,0.00000,0.06053,
8.46958,2,normal,0.02435,0.00000,0.06053,
8.47398,2,normal,0.02435,0.00000,0.06053,
8.47850,2,normal,0.02435,0.00000,0.06053,
8.48287,2,normal,0.02435,0.00000,0.06053,
touchedTargets: 1,2,
