Left,ShoulderPos:(0.01, 0.63, 0.02),Plane:XZ,Radius:0.35
0.00000,1,normal,0.00000,0.00000,0.00000,
0.01064,1,normal,0.00000,0.00000,0.00000,
0.02135,1,normal,0.00000,0.00000,0.00000,
0.02973,1,normal,0.00000,0.00000,0.00000,
0.03588,1,normal,0.00000,0.00000,0.00000,
0.04173,1,normal,0.00000,0.00000,0.00000,
0.05798,1,normal,0.00000,0.00000,0.00000,
0.07094,1,normal,0.00000,0.00000,0.00000,
0.08531,1,normal,0.00000,0.00000,0.00000,
0.09947,1,normal,0.00000,0.00000,0.00000,
0.10414,1,normal,0.00000,0.00000,0.00000,
0.11112,1,normal,0.00000,0.00000,0.00000,
0.11563,1,normal,0.00000,0.00000,0.00000,
0.12004,1,normal,0.00000,0.00000,0.00000,
0.12444,1,normal,0.00000,0.00000,0.00000,
0.12912,1,normal,0.00000,0.00000,0.00000,
0.13354,1,normal,0.00000,0.00000,0.00000,
0.13786,1,normal,0.00000,0.00000,0.00000,
0.14220,1,normal,0.00000,0.00000,0.00000,
0.14632,1,normal,0.00000,0.00000,0.00000,
0.15134,1,normal,0.00000,0.00000,0.00000,
0.15574,1,normal,0.00000,0.00000,0.00000,
0.16001,1,normal,0.00000,0.00000,0.00000,
0.16435,1,normal,0.00000,0.00000,0.00000,
0.16932,1,normal,0.00000,0.00000,0.00000,
0.17375,1,normal,0.00000,0.00000,0.00000,
0.17816,1,normal,0.00000,0.00000,0.00000,
0.18257,1,normal,0.00000,0.00000,0.00000,
0.18705,1,normal,0.00000,0.00000,0.00000,
0.19259,1,normal,0.00000,0.00000,0.00000,
0.20579,1,normal,0.00000,0.00000,0.00000,
0.21104,1,normal,0.00000,0.00000,0.00000,
0.21576,1,normal,0.00000,0.00000,0.00000,
0.22118,1,normal,0.00000,0.00000,0.00000,
0.22575,1,normal,0.00000,0.00000,0.00000,
0.23051,1,normal,0.00000,0.00000,0.00000,
0.23527,1,normal,0.00000,0.00000,0.00000,
0.23952,1,normal,0.00000,0.00000,0.00000,
0.24366,1,normal,0.00000,0.00000,0.00000,
0.24835,1,normal,0.00000,0.00000,0.00000,
0.25253,1,normal,0.00000,0.00000,0.00000,
0.25681,1,normal,0.00000,0.00000,0.00000,
0.26919,1,normal,0.00000,0.00000,0.00000,
0.27469,1,normal,0.00000,0.00000,0.00000,
0.27903,1,normal,0.00000,0.00000,0.00000,
0.28321,1,normal,0.00000,0.00000,0.00000,
0.28805,1,normal,0.00000,0.00000,0.00000,
0.29215,1,normal,0.00000,0.00000,0.00000,
0.29623,1,normal,0.00000,0.00000,0.00000,
0.30224,1,normal,0.00000,0.00000,0.00000,
0.30643,1,normal,0.00000,0.00000,0.00000,
0.31192,1,normal,0.00000,0.00000,0.00000,
0.31635,1,normal,0.00000,0.00000,0.00000,
0.32051,1,normal,0.00000,0.00000,0.00000,
0.32456,1,normal,0.00000,0.00000,0.00000,
0.32894,1,normal,0.00000,0.00000,0.00000,
0.33523,1,normal,0.00000,0.00000,0.00000,
0.33943,1,normal,0.00000,0.00000,0.00000,
0.34364,1,normal,0.00000,0.00000,0.00000,
0.35726,1,normal,0.00000,0.00000,0.00000,
0.36163,1,normal,0.00000,0.00000,0.00000,
0.36588,1,normal,0.00000,0.00000,0.00000,
0.37087,1,normal,0.00000,0.00000,0.00000,
0.37542,1,normal,0.00000,0.00000,0.00000,
0.37982,1,normal,0.00000,0.00000,0.00000,
0.38418,1,normal,0.00000,0.00000,0.00000,
0.38895,1,normal,0.00000,0.00000,0.00000,
0.39331,1,normal,0.00000,0.00000,0.00000,
0.39756,1,normal,0.00000,0.00000,0.00000,
0.40173,1,normal,0.00000,0.00000,0.00000,
0.40581,1,normal,0.00000,0.00000,0.00000,
0.41049,1,normal,0.00000,0.00000,0.00000,
0.41472,1,normal,0.00000,0.00000,0.00000,
0.42226,1,normal,0.00000,0.00000,0.00000,
0.42652,1,normal,0.00000,0.00000,0.00000,
0.43100,1,normal,0.00000,0.00000,0.00000,
0.43503,1,normal,0.00000,0.00000,0.00000,
0.43932,1,normal,0.00000,0.00000,0.00000,
0.44341,1,normal,0.00000,0.00000,0.00000,
0.44783,1,normal,0.00000,0.00000,0.00000,
0.45186,1,normal,0.00000,0.00000,0.00000,
0.45602,1,normal,0.00000,0.00000,0.00000,
0.46012,1,normal,0.00000,0.00000,0.00000,
0.46434,1,normal,0.00000,0.00000,0.00000,
0.46890,1,normal,0.00000,0.00000,0.00000,
0.47307,1,normal,0.00000,0.00000,0.00000,
0.47738,1,normal,0.00000,0.00000,0.00000,
0.48139,1,normal,0.00000,0.00000,0.00000,
0.49338,1,normal,0.00000,0.00000,0.00000,
0.49837,1,normal,0.00000,0.00000,0.00000,
0.51107,1,normal,0.00000,0.00000,0.00000,
0.51688,1,normal,0.00000,0.00000,0.00000,
0.52115,1,normal,0.00000,0.00000,0.00000,
0.52535,1,normal,0.00000,0.00000,0.00000,
0.52993,1,normal,0.00000,0.00000,0.00000,
0.53406,1,normal,0.00000,0.00000,0.00000,
0.53812,1,normal,0.00000,0.00000,0.00000,
0.54214,1,normal,0.00000,0.00000,0.00000,
0.54635,1,normal,0.00000,0.00000,0.00000,
0.55092,1,normal,0.00000,0.00000,0.00000,
0.55501,1,normal,0.00000,0.00000,0.00000,
0.55915,1,normal,0.00000,0.00000,0.00000,
0.56321,1,normal,0.00000,0.00000,0.00000,
0.56818,1,normal,0.00000,0.00000,0.00000,
0.57224,1,normal,0.00000,0.00000,0.00000,
0.57622,1,normal,0.00000,0.00000,0.00000,
0.58023,1,normal,0.00000,0.00000,0.00000,
0.58433,1,normal,0.00000,0.00000,0.00000,
0.58873,1,normal,0.00000,0.00000,0.00000,
0.59274,1,normal,0.00000,0.00000,0.00000,
0.59684,1,normal,0.00000,0.00000,0.00000,
0.60091,1,normal,0.00000,0.00000,0.00000,
0.60492,1,normal,0.00000,0.00000,0.00000,
0.60942,1,normal,0.00000,0.00000,0.00000,
0.61341,1,normal,0.00000,0.00000,0.00000,
0.61743,1,normal,0.00000,0.00000,0.00000,
0.62155,1,normal,0.00000,0.00000,0.00000,
0.62568,1,normal,0.00000,0.00000,0.00000,
0.63033,1,normal,0.00000,0.00000,0.00000,
0.63446,1,normal,0.00000,0.00000,0.00000,
0.63854,1,normal,0.00000,0.00000,0.00000,
0.64263,1,normal,0.00000,0.00000,0.00000,
0.64723,1,normal,0.00000,0.00000,0.00000,
0.65135,1,normal,0.00000,0.00000,0.00000,
0.66385,1,normal,0.00000,0.00000,0.00000,
0.66854,1,normal,0.00000,0.00000,0.00000,
0.67275,1,normal,0.00000,0.00000,0.00000,
0.67687,1,normal,0.00000,0.00000,0.00000,
0.68102,1,normal,0.00000,0.00000,0.00000,
0.68513,1,normal,0.00000,0.00000,0.00000,
0.68974,1,normal,0.00000,0.00000,0.00000,
0.69393,1,normal,0.00000,0.00000,0.00000,
0.69790,1,normal,0.00000,0.00000,0.00000,
0.70200,1,normal,0.00000,0.00000,0.00000,
0.71433,1,normal,0.00000,0.00000,0.00000,
0.71963,1,normal,0.00000,0.00000,0.00000,
0.72505,1,normal,0.00000,0.00000,0.00000,
0.72976,1,normal,0.00000,0.00000,0.00000,
0.73405,1,normal,0.00000,0.00000,0.00000,
0.73824,1,normal,0.00000,0.00000,0.00000,
0.74239,1,normal,0.00000,0.00000,0.00000,
0.74653,1,normal,0.00000,0.00000,0.00000,
0.75110,1,normal,0.00000,0.00000,0.00000,
0.75534,1,normal,0.00000,0.00000,0.00000,
0.75946,1,normal,0.00000,0.00000,0.00000,
0.76363,1,normal,0.00000,0.00000,0.00000,
0.76823,1,normal,0.00000,0.00000,0.00000,
0.77242,1,normal,0.00000,0.00000,0.00000,
0.77653,1,normal,0.00000,0.00000,0.00000,
0.78085,1,normal,0.00000,0.00000,0.00000,
0.78496,1,normal,0.00000,0.00000,0.00000,
0.79003,1,normal,0.00000,0.00000,0.00000,
0.79413,1,normal,0.00000,0.00000,0.00000,
0.79849,1,normal,0.00000,0.00000,0.00000,
0.80262,1,normal,0.00000,0.00000,0.00000,
0.81616,1,normal,0.00000,0.00000,0.00000,
0.82054,1,normal,0.00000,0.00000,0.00000,
0.82482,1,normal,0.00000,0.00000,0.00000,
0.82955,1,normal,0.00000,0.00000,0.00000,
0.83365,1,normal,0.00000,0.00000,0.00000,
0.83793,1,normal,0.00000,0.00000,0.00000,
0.84212,1,normal,0.00000,0.00000,0.00000,
0.84622,1,normal,0.00000,0.00000,0.00000,
0.85084,1,normal,0.00000,0.00000,0.00000,
0.85494,1,normal,0.00000,0.00000,0.00000,
0.85906,1,normal,0.00000,0.00000,0.00000,
0.86311,1,normal,0.00000,0.00000,0.00000,
0.86774,1,normal,0.00000,0.00000,-0.00947,
0.87721,1,normal,0.00000,0.00000,-0.01492,
0.88266,1,normal,0.00000,0.00000,-0.02009,
0.88784,1,normal,0.00000,0.00000,-0.03335,
0.90109,1,normal,0.00000,0.00000,-0.04622,
0.91396,1,normal,0.00000,0.00000,-0.06054,
0.92829,1,normal,0.00000,0.00000,-0.07504,
0.94278,1,normal,0.00000,0.00000,-0.09928,
0.96703,1,normal,0.00000,0.00000,-0.11397,
0.98172,1,normal,0.00000,0.00000,-0.12794,
0.99568,1,normal,0.00000,0.00000,-0.14176,
1.00950,1,normal,0.00000,0.00000,-0.15604,
1.02379,1,normal,0.00000,0.00000,-0.16950,
1.03725,1,normal,0.00000,0.00000,-0.18355,
1.05129,1,normal,0.00000,0.00000,-0.19722,
1.06496,1,normal,0.00000,0.00000,-0.21154,
1.07929,1,normal,0.00000,0.00000,-0.22471,
1.09246,1,normal,0.00000,0.00000,-0.23904,
1.10679,1,normal,0.00000,0.00000,-0.25251,
1.12026,1,normal,0.00000,0.00000,-0.26636,
1.13410,1,normal,0.00000,0.00000,-0.28084,
1.14859,1,normal,0.00000,0.00000,-0.29474,
1.16249,1,normal,0.00000,0.00000,-0.30883,
1.17658,1,normal,0.00000,0.00000,-0.32191,
1.18966,1,normal,0.00000,0.00000,-0.33593,
1.20367,1,normal,0.00000,0.00000,-0.34957,
1.21732,1,normal,0.00000,0.00000,-0.36346,
1.23121,1,normal,0.00000,0.00000,-0.38310,
1.25084,1,normal,0.00000,0.00000,-0.38310,
1.27293,1,normal,0.00000,0.00000,-0.38310,
1.28663,1,normal,0.00000,0.00000,-0.38310,
1.30070,1,normal,0.00000,0.00000,-0.38310,
1.31307,1,normal,0.00000,0.00000,-0.38310,
1.31824,1,normal,0.00000,0.00000,-0.38310,
1.32264,1,normal,0.00000,0.00000,-0.38310,
1.33069,1,normal,0.00000,0.00000,-0.38310,
1.33494,1,normal,0.00000,0.00000,-0.38310,
1.34022,1,normal,0.00000,0.00000,-0.38310,
1.34444,1,normal,0.00000,0.00000,-0.38310,
1.34932,1,normal,0.00000,0.00000,-0.38310,
1.35341,1,normal,0.00000,0.00000,-0.38310,
1.35748,1,normal,0.00000,0.00000,-0.38310,
1.36154,1,normal,0.00000,0.00000,-0.38310,
1.36582,1,normal,0.00000,0.00000,-0.38310,
1.37044,1,normal,0.00000,0.00000,-0.38310,
1.37454,1,normal,0.00000,0.00000,-0.38310,
1.37882,1,normal,0.00000,0.00000,-0.38310,
1.38313,1,normal,0.00000,0.00000,-0.38310,
1.38782,1,normal,0.00000,0.00000,-0.38310,
1.39186,1,normal,0.00000,0.00000,-0.38310,
1.39594,1,normal,0.00000,0.00000,-0.38310,
1.40028,1,normal,0.00000,0.00000,-0.38310,
1.40462,1,normal,0.00000,0.00000,-0.38310,
1.40950,1,normal,0.00000,0.00000,-0.38310,
1.41393,1,normal,0.00000,0.00000,-0.38310,
1.41835,1,normal,0.00000,0.00000,-0.38310,
1.42265,1,normal,0.00000,0.00000,-0.38310,
1.42752,1,normal,0.00000,0.00000,-0.38310,
1.44049,1,normal,0.00000,0.00000,-0.38310,
1.44514,1,normal,0.00000,0.00000,-0.37561,
1.45263,1,normal,0.00000,0.00000,-0.37046,
1.45777,1,normal,0.00000,0.00000,-0.36548,
1.46275,1,normal,0.00000,0.00000,-0.35154,
1.47670,1,normal,0.00000,0.00000,-0.33789,
1.49034,1,normal,0.00000,0.00000,-0.31738,
1.51085,1,normal,0.00000,0.00000,-0.29936,
1.52887,1,normal,0.00000,0.00000,-0.28422,
1.54402,1,normal,0.00000,0.00000,-0.26890,
1.55933,1,normal,0.00000,0.00000,-0.25446,
1.57378,1,normal,0.00000,0.00000,-0.24053,
1.58770,1,normal,0.00000,0.00000,-0.22563,
1.60261,1,normal,0.00000,0.00000,-0.21146,
1.61678,1,normal,0.00000,0.00000,-0.19786,
1.63038,1,normal,0.00000,0.00000,-0.18327,
1.64497,1,normal,0.00000,0.00000,-0.16947,
1.65877,1,normal,0.00000,0.00000,-0.15535,
1.67288,1,normal,0.00000,0.00000,-0.14166,
1.68657,1,normal,0.00000,0.00000,-0.12660,
1.70163,1,normal,0.00000,0.00000,-0.11326,
1.71497,1,normal,0.00000,0.00000,-0.09866,
1.72957,1,normal,0.00000,0.00000,-0.08429,
1.74394,1,normal,0.00000,0.00000,-0.06892,
1.75932,1,normal,0.00000,0.00000,-0.05432,
1.77391,1,normal,0.00000,0.00000,-0.03982,
1.78842,1,normal,0.00000,0.00000,-0.01860,
1.80964,1,normal,0.00000,0.00000,0.00404,
1.83227,1,normal,0.00000,0.00000,0.01948,
1.84772,1,normal,0.00000,0.00000,0.01948,
1.86234,1,normal,0.00000,0.00000,0.01948,
1.87794,1,normal,0.00000,0.00000,0.01948,
1.89081,1,normal,0.00000,0.00000,0.01948,
1.89612,1,normal,0.00000,0.00000,0.01948,
1.90831,1,normal,0.00000,0.00000,0.01948,
1.91394,1,normal,0.00000,0.00000,0.01948,
1.91812,1,normal,0.00000,0.00000,0.01948,
1.92244,1,normal,0.00000,0.00000,0.01948,
1.92661,1,normal,0.00000,0.00000,0.01948,
1.93141,1,normal,0.00000,0.00000,0.01948,
1.93554,1,normal,0.00000,0.00000,0.01948,
1.94018,1,normal,0.00000,0.00000,0.01948,
1.94431,1,normal,0.00000,0.00000,0.01948,
1.94902,1,normal,0.00000,0.00000,0.01948,
1.95323,1,normal,0.00000,0.00000,0.01948,
1.95742,1,normal,0.00000,0.00000,0.01948,
1.96167,1,normal,0.00000,0.00000,0.01948,
1.96694,1,normal,0.00000,0.00000,0.01948,
1.97246,1,normal,0.00000,0.00000,0.01948,
1.97653,1,normal,0.00000,0.00000,0.01948,
1.98053,1,normal,0.00000,0.00000,0.01948,
1.98477,1,normal,0.00000,0.00000,0.01948,
1.98943,1,normal,0.00000,0.00000,0.01948,
1.99350,1,normal,0.00000,0.00000,0.01948,
1.99776,1,normal,0.00000,0.00000,0.01948,
2.00199,1,normal,0.00000,0.00000,0.01948,
2.00624,1,normal,0.00000,0.00000,0.01948,
2.01083,1,normal,0.00000,0.00000,0.01948,
2.01495,1,normal,0.00000,0.00000,0.01948,
2.01901,1,normal,0.00000,0.00000,0.01948,
2.02351,1,normal,0.00000,0.00000,0.01948,
2.02801,1,normal,0.00000,0.00000,0.01948,
2.03221,1,normal,0.00000,0.00000,0.01948,
2.03644,1,normal,0.00000,0.00000,0.01948,
2.04052,1,normal,0.00000,0.00000,0.01948,
2.04462,1,normal,0.00000,0.00000,0.01948,
2.04932,1,normal,0.00000,0.00000,0.01948,
2.07166,1,normal,0.00000,0.00000,0.01948,
2.07807,1,normal,0.00000,0.00000,0.01948,
2.08242,1,normal,0.00000,0.00000,0.01948,
2.08661,1,normal,0.00000,0.00000,0.01948,
2.09124,1,normal,0.00000,0.00000,0.01948,
2.09533,1,normal,0.00000,0.00000,0.01948,
2.09954,1,normal,0.00000,0.00000,0.01948,
2.10384,1,normal,0.00000,0.00000,0.01948,
2.10842,1,normal,0.00000,0.00000,0.01948,
2.11263,1,normal,0.00000,0.00000,0.01948,
2.11687,1,normal,0.00000,0.00000,0.01948,
2.12104,1,normal,0.00000,0.00000,0.01948,
2.12520,1,normal,0.00000,0.00000,0.01948,
2.13014,1,normal,0.00000,0.00000,0.01948,
2.13421,1,normal,0.00000,0.00000,0.01948,
2.13821,1,normal,0.00000,0.00000,0.01948,
2.14227,1,normal,0.00000,0.00000,0.01948,
2.14637,1,normal,0.00000,0.00000,0.01948,
2.15086,1,normal,0.00000,0.00000,0.01948,
2.15506,1,normal,0.00000,0.00000,0.01948,
2.15931,1,normal,0.00000,0.00000,0.01948,
2.16332,1,normal,0.00000,0.00000,0.01948,
2.16918,1,normal,0.00000,0.00000,0.01948,
2.17336,1,normal,0.00000,0.00000,0.01948,
2.17740,1,normal,0.00000,0.00000,0.01948,
2.18184,1,normal,0.00000,0.00000,0.01948,
2.18593,1,normal,0.00000,0.00000,0.01948,
2.19093,1,normal,0.00000,0.00000,0.01948,
2.19492,1,normal,0.00000,0.00000,0.01948,
2.20202,1,normal,0.00000,0.00000,0.01948,
2.21507,1,normal,0.00000,0.00000,0.01948,
2.21995,1,normal,0.00000,0.00000,0.01948,
2.22418,1,normal,0.00000,0.00000,0.01948,
2.22873,1,normal,0.00000,0.00000,0.01948,
2.23571,1,normal,0.00000,0.00000,0.01948,
2.24005,1,normal,0.00000,0.00000,0.01948,
2.24455,1,normal,0.00000,0.00000,0.01948,
2.24912,1,normal,0.00000,0.00000,0.01948,
2.25325,1,normal,0.00000,0.00000,0.01948,
2.25746,1,normal,0.00000,0.00000,0.01948,
2.26152,1,normal,0.00000,0.00000,0.01948,
2.26846,1,normal,0.00000,0.00000,0.01948,
2.27316,1,normal,0.00000,0.00000,0.01948,
2.27768,1,normal,0.00000,0.00000,0.01948,
2.28280,1,normal,0.00000,0.00000,0.01948,
2.28754,1,normal,0.00000,0.00000,0.01948,
2.29191,1,normal,0.00000,0.00000,0.01948,
2.29615,1,normal,0.00000,0.00000,0.01948,
2.30223,1,normal,0.00000,0.00000,0.01948,
2.30655,1,normal,0.00000,0.00000,0.01948,
2.31122,1,normal,0.00000,0.00000,0.01948,
2.31540,1,normal,0.00000,0.00000,0.01948,
2.31964,1,normal,0.00000,0.00000,0.01948,
2.32379,1,normal,0.00000,0.00000,0.01948,
2.32821,1,normal,0.00000,0.00000,0.01948,
2.33545,1,normal,0.00000,0.00000,0.01948,
2.34782,1,normal,0.00000,0.00000,0.01948,
2.35322,1,normal,0.00000,0.00000,0.01948,
2.36627,1,normal,0.00000,0.00000,0.01948,
2.37263,1,normal,0.00000,0.00000,0.01948,
2.37723,1,normal,0.00000,0.00000,0.01948,
2.38153,1,normal,0.00000,0.00000,0.01948,
2.38582,1,normal,0.00000,0.00000,0.01948,
2.39063,1,normal,0.00000,0.00000,0.01948,
2.39482,1,normal,0.00000,0.00000,0.01948,
2.39911,1,normal,0.00000,0.00000,0.01948,
2.40325,1,normal,0.00000,0.00000,0.01948,
2.40782,1,normal,0.00000,0.00000,0.01948,
2.41192,1,normal,0.00000,0.00000,0.01948,
2.41594,1,normal,0.00000,0.00000,0.01948,
2.42003,1,normal,0.00000,0.00000,0.01948,
2.42407,1,normal,0.00000,0.00000,0.01948,
2.42886,1,normal,0.00000,0.00000,0.01948,
2.43306,1,normal,0.00000,0.00000,0.01948,
2.43731,1,normal,0.00000,0.00000,0.01948,
2.44144,1,normal,0.00000,0.00000,0.01948,
2.44553,1,normal,0.00000,0.00000,0.01948,
2.45021,1,normal,0.00000,0.00000,0.01948,
2.45435,1,normal,0.00000,0.00000,0.01948,
2.45842,1,normal,0.00000,0.00000,0.01948,
2.46262,1,normal,0.00000,0.00000,0.01948,
2.46724,1,normal,0.00000,0.00000,0.01948,
2.47142,1,normal,0.00000,0.00000,0.01948,
2.47574,1,normal,0.00000,0.00000,0.01948,
2.48026,1,normal,0.00000,0.00000,0.01948,
2.48459,1,normal,0.00000,0.00000,0.01948,
2.48943,1,normal,0.00000,0.00000,0.01948,
2.49371,1,normal,0.00000,0.00000,0.01948,
2.49813,1,normal,0.00000,0.00000,0.01948,
2.50254,1,normal,0.00000,0.00000,0.01948,
2.50708,1,normal,0.00000,0.00000,0.01948,
2.52059,1,normal,0.00000,0.00000,0.01948,
2.52588,2,normal,0.00000,0.00000,0.01948,
2.54079,2,normal,0.00000,0.00000,0.01948,
2.54672,2,normal,0.00000,0.00000,0.01948,
2.55165,2,normal,0.00000,0.00000,0.01948,
2.55641,2,normal,0.00000,0.00000,0.01948,
2.56143,2,normal,0.00000,0.00000,0.01948,
2.56607,2,normal,0.00000,0.00000,0.01948,
2.57077,2,normal,0.00000,0.00000,0.01948,
2.57534,2,normal,0.00000,0.00000,0.01948,
2.58270,2,normal,0.00000,0.00000,0.01948,
2.58793,2,normal,0.00000,0.00000,0.01948,
2.59263,2,normal,0.00000,0.00000,0.01948,
2.59746,2,normal,0.00000,0.00000,0.01948,
2.60293,2,normal,0.00000,0.00000,0.01948,
2.60777,2,normal,0.00000,0.00000,0.01948,
2.61252,2,normal,0.00000,0.00000,0.01948,
2.61726,2,normal,0.00000,0.00000,0.01948,
2.62425,2,normal,0.00000,0.00000,0.01948,
2.62924,2,normal,0.00000,0.00000,0.01948,
2.63403,2,normal,0.00000,0.00000,0.01948,
2.63890,2,normal,0.00000,0.00000,0.01948,
2.64414,2,normal,0.00000,0.00000,0.01948,
2.64878,2,normal,0.00000,0.00000,0.01948,
2.65365,2,normal,0.00000,0.00000,0.01948,
2.65845,2,normal,0.00000,0.00000,0.01948,
2.66365,2,normal,0.00000,0.00000,0.01948,
2.66846,2,normal,0.00000,0.00000,0.01948,
2.67328,2,normal,0.00000,0.00000,0.01948,
2.67817,2,normal,0.00000,0.00000,0.01948,
2.69284,2,normal,0.00000,0.00000,0.01948,
2.69825,2,normal,0.00000,0.00000,0.01948,
2.70888,2,normal,0.00000,0.00000,0.01948,
2.71665,2,normal,0.00000,0.00000,0.01948,
2.72139,2,normal,0.00000,0.00000,0.01948,
2.72562,2,normal,0.00000,0.00000,0.01948,
2.72986,2,normal,0.00000,0.00000,0.01948,
2.73402,2,normal,0.00000,0.00000,0.01948,
2.73812,2,normal,0.00000,0.00000,0.01948,
2.74283,2,normal,0.00000,0.00000,0.01948,
2.74698,2,normal,0.00000,0.00000,0.01948,
2.75115,2,normal,0.00000,0.00000,0.01948,
2.75544,2,normal,0.00000,0.00000,0.01948,
2.75962,2,normal,0.00000,0.00000,0.01948,
2.76424,2,normal,0.00000,0.00000,0.01948,
2.76846,2,normal,0.00000,0.00000,0.01948,
2.77262,2,normal,0.00000,0.00000,0.01948,
2.77674,2,normal,0.00000,0.00000,0.01948,
2.78139,2,normal,0.00000,0.00000,0.01948,
2.78564,2,normal,0.00000,0.00000,0.01948,
2.78983,2,normal,0.00000,0.00000,0.01948,
2.79395,2,normal,0.00000,0.00000,0.01948,
2.79814,2,normal,0.00000,0.00000,0.01948,
2.80273,2,normal,0.00000,0.00000,0.01948,
2.80695,2,normal,0.00000,0.00000,0.01948,
2.81114,2,normal,0.00000,0.00000,0.01948,
2.81523,2,normal,0.00000,0.00000,0.01948,
2.81936,2,normal,0.00000,0.00000,0.01948,
2.82524,2,normal,0.00000,0.00000,0.01948,
2.82946,2,normal,0.00000,0.00000,0.01948,
2.84204,2,normal,0.00000,0.00000,0.01948,
2.84653,2,normal,0.00000,0.00000,0.01948,
2.85063,2,normal,0.00000,0.00000,0.01948,
2.85474,2,normal,0.00000,0.00000,0.01948,
2.85872,2,normal,0.00000,0.00000,0.01948,
2.86339,2,normal,0.00000,0.00000,0.01948,
2.86747,2,normal,0.00000,0.00000,0.01948,
2.87161,2,normal,0.00000,0.00000,0.01948,
2.87562,2,normal,0.00000,0.00000,0.01948,
2.87964,2,normal,0.00000,0.00000,0.01948,
2.88435,2,normal,0.00000,0.00000,0.01948,
2.88867,2,normal,0.00000,0.00000,0.01948,
2.89282,2,normal,0.00000,0.00000,0.01948,
2.89691,2,normal,0.00000,0.00000,0.01948,
2.90181,2,normal,0.00000,0.00000,0.01948,
2.90583,2,normal,0.00000,0.00000,0.01948,
2.90992,2,normal,0.00000,0.00000,0.01948,
2.91393,2,normal,0.00000,0.00000,0.01948,
2.91815,2,normal,0.00000,0.00000,0.01948,
2.92277,2,normal,0.00000,0.00000,0.01948,
2.92854,2,normal,0.00000,0.00000,0.01948,
2.93292,2,normal,0.00000,0.00000,0.01948,
2.93718,2,normal,0.00000,0.00000,0.01948,
2.94175,2,normal,0.00000,0.00000,0.01948,
2.94582,2,normal,0.00000,0.00000,0.01948,
2.94983,2,normal,0.00000,0.00000,0.01948,
2.95384,2,normal,0.00000,0.00000,0.01948,
2.95782,2,normal,0.00000,0.00000,0.01948,
2.96223,2,normal,0.00000,0.00000,0.01948,
2.96633,2,normal,0.00000,0.00000,0.01948,
2.97050,2,normal,0.00000,0.00000,0.01948,
2.97472,2,normal,0.00000,0.00000,0.01948,
2.97875,2,normal,0.00000,0.00000,0.01948,
2.98333,2,normal,0.00000,0.00000,0.01948,
2.99575,2,normal,0.00000,0.00000,0.01948,
3.00870,2,normal,0.00000,0.00000,0.01948,
3.01388,2,normal,0.00000,0.00000,0.01948,
3.01823,2,normal,0.00000,0.00000,0.01948,
3.02278,2,normal,0.00000,0.00000,0.01948,
3.02794,2,normal,0.00000,0.00000,0.01948,
3.03213,2,normal,0.00000,0.00000,0.01948,
3.03631,2,normal,0.00000,0.00000,0.01948,
3.04093,2,normal,0.00000,0.00000,0.01948,
3.04524,2,normal,0.00000,0.00000,0.01948,
3.04931,2,normal,0.00000,0.00000,0.01948,
3.05392,2,normal,0.00000,0.00000,0.01948,
3.05803,2,normal,0.00000,0.00000,0.01948,
3.06260,2,normal,0.00000,0.00000,0.01948,
3.06676,2,normal,0.00000,0.00000,0.01948,
3.07093,2,normal,0.00000,0.00000,0.01948,
3.07515,2,normal,0.00000,0.00000,0.01948,
3.07934,2,normal,0.00000,0.00000,0.01948,
3.08403,2,normal,0.00000,0.00000,0.01948,
3.08811,2,normal,0.00000,0.00000,0.01948,
3.09223,2,normal,0.00000,0.00000,0.01948,
3.09636,2,normal,0.00000,0.00000,0.01948,
3.10093,2,normal,0.00000,0.00000,0.01948,
3.10515,2,normal,0.00000,0.00000,0.01948,
3.10933,2,normal,0.00000,0.00000,0.01948,
3.11342,2,normal,0.00000,0.00000,0.01948,
3.11768,2,normal,0.00000,0.00000,0.01948,
3.12213,2,normal,0.00000,0.00000,0.01948,
3.12634,2,normal,0.00000,0.00000,0.01948,
3.13046,2,normal,0.00000,0.00000,0.01948,
3.13482,2,normal,0.00000,0.00000,0.01948,
3.14746,2,normal,0.00000,0.00000,0.01948,
3.15244,2,normal,0.00000,0.00000,0.01948,
3.15667,2,normal,0.00000,0.00000,0.01948,
3.16123,2,normal,0.00000,0.00000,0.01948,
3.16536,2,normal,0.00000,0.00000,0.01948,
3.16964,2,normal,0.00000,0.00000,0.01948,
3.17374,2,normal,0.00000,0.00000,0.01948,
3.17782,2,normal,0.00000,0.00000,0.01948,
3.18254,2,normal,0.00000,0.00000,0.01948,
3.18664,2,normal,0.00000,0.00000,0.01948,
3.19071,2,normal,0.00000,0.00000,0.01948,
3.19492,2,normal,0.00000,0.00000,0.01485,
3.19955,2,normal,0.00000,0.00000,0.00958,
3.20482,2,normal,0.00000,0.00000,0.00497,
3.20943,2,normal,-0.00818,0.00000,-0.00321,
3.21761,2,normal,-0.02360,0.00000,-0.01863,
3.23303,2,normal,-0.03870,0.00000,-0.03373,
3.24813,2,normal,-0.05408,0.00000,-0.04912,
3.26352,2,normal,-0.06898,0.00000,-0.06402,
3.27842,2,normal,-0.08423,0.00000,-0.07926,
3.29366,2,normal,-0.09785,0.00000,-0.09288,
3.30728,2,normal,-0.12122,0.00000,-0.11625,
3.33065,2,normal,-0.14147,0.00000,-0.13651,
3.35091,2,normal,-0.16506,0.00000,-0.16009,
3.37449,2,normal,-0.18050,0.00000,-0.17553,
3.38993,2,normal,-0.19642,0.00000,-0.19146,
3.40586,2,normal,-0.21156,0.00000,-0.20660,
3.42100,2,normal,-0.22705,0.00000,-0.22208,
3.43648,2,normal,-0.24297,0.00000,-0.23801,
3.45241,2,normal,-0.25810,0.00000,-0.25313,
3.46753,2,normal,-0.27284,0.00000,-0.25313,
3.48227,2,normal,-0.27284,0.00000,-0.25313,
3.49728,2,normal,-0.27284,0.00000,-0.25313,
3.51125,2,normal,-0.27284,0.00000,-0.25313,
3.52389,2,normal,-0.27284,0.00000,-0.25313,
3.52914,2,normal,-0.27284,0.00000,-0.25313,
3.53366,2,normal,-0.27284,0.00000,-0.25313,
3.53811,2,normal,-0.27284,0.00000,-0.25313,
3.54304,2,normal,-0.27284,0.00000,-0.25313,
3.54728,2,normal,-0.27284,0.00000,-0.25313,
3.55156,2,normal,-0.27284,0.00000,-0.25313,
3.55578,2,normal,-0.27284,0.00000,-0.25313,
3.56002,2,normal,-0.27284,0.00000,-0.25313,
3.56460,2,normal,-0.27284,0.00000,-0.25313,
3.56904,2,normal,-0.27284,0.00000,-0.25313,
3.57322,2,normal,-0.27284,0.00000,-0.25313,
3.57755,2,normal,-0.27284,0.00000,-0.25313,
3.58228,2,normal,-0.27284,0.00000,-0.25313,
3.59219,2,normal,-0.27284,0.00000,-0.25313,
3.60145,2,normal,-0.27284,0.00000,-0.25313,
3.60684,2,normal,-0.27284,0.00000,-0.25313,
3.61999,2,normal,-0.27284,0.00000,-0.25313,
3.62503,2,normal,-0.27284,0.00000,-0.25313,
3.62935,2,normal,-0.27284,0.00000,-0.25313,
3.63365,2,normal,-0.27284,0.00000,-0.25313,
3.63792,2,normal,-0.27284,0.00000,-0.25313,
3.64367,2,normal,-0.27284,0.00000,-0.25313,
3.64803,2,normal,-0.27284,0.00000,-0.25313,
3.65222,2,normal,-0.27284,0.00000,-0.25313,
3.65633,2,normal,-0.27284,0.00000,-0.25313,
3.66092,2,normal,-0.27284,0.00000,-0.25313,
3.66522,2,normal,-0.27284,0.00000,-0.25313,
3.66955,2,normal,-0.27284,0.00000,-0.25313,
3.67366,2,normal,-0.27284,0.00000,-0.25313,
3.67804,2,normal,-0.27284,0.00000,-0.25313,
3.68281,2,normal,-0.27284,0.00000,-0.25313,
3.68693,2,normal,-0.27284,0.00000,-0.25313,
3.69111,2,normal,-0.27284,0.00000,-0.25313,
3.69555,2,normal,-0.27284,0.00000,-0.25313,
3.69974,2,normal,-0.27284,0.00000,-0.25313,
3.70441,2,normal,-0.27284,0.00000,-0.25313,
3.70854,2,normal,-0.27284,0.00000,-0.25313,
3.71262,2,normal,-0.27284,0.00000,-0.25313,
3.71693,2,normal,-0.27284,0.00000,-0.25313,
3.72179,2,normal,-0.27284,0.00000,-0.25313,
3.72615,2,normal,-0.27284,0.00000,-0.25313,
3.73057,2,normal,-0.27284,0.00000,-0.25313,
3.73495,2,normal,-0.27284,0.00000,-0.25313,
3.73934,2,normal,-0.27284,0.00000,-0.25313,
3.74424,2,normal,-0.27284,0.00000,-0.25313,
3.74872,2,normal,-0.27284,0.00000,-0.25313,
3.75302,2,normal,-0.27284,0.00000,-0.25313,
3.75758,2,normal,-0.27284,0.00000,-0.25313,
3.77107,2,normal,-0.27284,0.00000,-0.25313,
3.77564,2,normal,-0.27284,0.00000,-0.25313,
3.77999,2,normal,-0.27284,0.00000,-0.25313,
3.78474,2,normal,-0.27284,0.00000,-0.25313,
3.79081,2,normal,-0.27284,0.00000,-0.25313,
3.79528,2,normal,-0.27284,0.00000,-0.25313,
3.79975,2,normal,-0.27284,0.00000,-0.25313,
3.80482,2,normal,-0.27284,0.00000,-0.25313,
3.80915,2,normal,-0.27284,0.00000,-0.25313,
3.82164,2,normal,-0.27284,0.00000,-0.25313,
3.82696,2,normal,-0.27284,0.00000,-0.25313,
3.83125,2,normal,-0.27284,0.00000,-0.25313,
3.83553,2,normal,-0.27284,0.00000,-0.25313,
3.83979,2,normal,-0.27284,0.00000,-0.25313,
3.84547,2,normal,-0.27284,0.00000,-0.25313,
3.84984,2,normal,-0.27284,0.00000,-0.25313,
3.85782,2,normal,-0.27284,0.00000,-0.25313,
3.86265,2,normal,-0.27284,0.00000,-0.25313,
3.86691,2,normal,-0.27284,0.00000,-0.25313,
3.87121,2,normal,-0.27284,0.00000,-0.25313,
3.87567,2,normal,-0.27284,0.00000,-0.25313,
3.87999,2,normal,-0.27284,0.00000,-0.25313,
3.88463,2,normal,-0.27284,0.00000,-0.25313,
3.89128,2,normal,-0.27284,0.00000,-0.25313,
3.89552,2,normal,-0.27284,0.00000,-0.25313,
3.89962,2,normal,-0.27284,0.00000,-0.25313,
3.90443,2,normal,-0.27284,0.00000,-0.25313,
3.90871,2,normal,-0.27284,0.00000,-0.25313,
3.92176,2,normal,-0.27284,0.00000,-0.25313,
3.92682,2,normal,-0.27284,0.00000,-0.25313,
3.93114,2,normal,-0.27284,0.00000,-0.25313,
3.93547,2,normal,-0.27284,0.00000,-0.25313,
3.93973,2,normal,-0.27284,0.00000,-0.25313,
3.94453,2,normal,-0.27284,0.00000,-0.25313,
3.94878,2,normal,-0.27284,0.00000,-0.25313,
3.95314,2,normal,-0.27284,0.00000,-0.25313,
3.95763,2,normal,-0.27284,0.00000,-0.25313,
3.96226,2,normal,-0.27284,0.00000,-0.25313,
3.96654,2,normal,-0.27284,0.00000,-0.25313,
3.97090,2,normal,-0.27284,0.00000,-0.25313,
3.97524,2,normal,-0.27284,0.00000,-0.25313,
3.97956,2,normal,-0.27284,0.00000,-0.25313,
3.98432,2,normal,-0.27284,0.00000,-0.25313,
3.99056,2,normal,-0.27284,0.00000,-0.25313,
3.99482,2,normal,-0.27284,0.00000,-0.25313,
3.99914,2,normal,-0.27284,0.00000,-0.25313,
4.00384,2,normal,-0.27284,0.00000,-0.25313,
4.00812,2,normal,-0.27284,0.00000,-0.25313,
4.01243,2,normal,-0.27284,0.00000,-0.25313,
4.01663,2,normal,-0.27284,0.00000,-0.25313,
4.02446,2,normal,-0.27284,0.00000,-0.25313,
4.02873,2,normal,-0.27284,0.00000,-0.25313,
4.03291,2,normal,-0.27284,0.00000,-0.25313,
4.03714,2,normal,-0.27284,0.00000,-0.25313,
4.04198,2,normal,-0.27284,0.00000,-0.25313,
4.04728,2,normal,-0.27284,0.00000,-0.25313,
4.05152,2,normal,-0.27284,0.00000,-0.25313,
4.05745,2,normal,-0.27284,0.00000,-0.25313,
4.06231,2,normal,-0.27284,0.00000,-0.25313,
4.08342,2,normal,-0.27284,0.00000,-0.25313,
4.08879,2,normal,-0.27284,0.00000,-0.25313,
4.09315,2,normal,-0.27284,0.00000,-0.25313,
4.09749,2,normal,-0.27284,0.00000,-0.25313,
4.10245,2,normal,-0.27284,0.00000,-0.25313,
4.10669,2,normal,-0.27284,0.00000,-0.25313,
4.11103,2,normal,-0.27284,0.00000,-0.25313,
4.11539,2,normal,-0.27284,0.00000,-0.25313,
4.11973,2,normal,-0.27284,0.00000,-0.25313,
4.12423,2,normal,-0.27284,0.00000,-0.25313,
4.12866,2,normal,-0.27284,0.00000,-0.25313,
4.13291,2,normal,-0.27284,0.00000,-0.25313,
4.13720,2,normal,-0.27284,0.00000,-0.25313,
4.14183,2,normal,-0.27284,0.00000,-0.25313,
4.14602,2,normal,-0.27284,0.00000,-0.25313,
4.15021,2,normal,-0.27284,0.00000,-0.25313,
4.15781,2,normal,-0.27284,0.00000,-0.25313,
4.16244,2,normal,-0.27284,0.00000,-0.25313,
4.16673,2,normal,-0.27284,0.00000,-0.25313,
4.17094,2,normal,-0.27284,0.00000,-0.25313,
4.17513,2,normal,-0.27284,0.00000,-0.25313,
4.17945,2,normal,-0.27284,0.00000,-0.25313,
4.18405,2,normal,-0.27284,0.00000,-0.25313,
4.19101,2,normal,-0.27284,0.00000,-0.25313,
4.19534,2,normal,-0.27284,0.00000,-0.25313,
4.19944,2,normal,-0.27284,0.00000,-0.25313,
4.20458,2,normal,-0.27284,0.00000,-0.25313,
4.20886,2,normal,-0.27284,0.00000,-0.25313,
4.21314,2,normal,-0.27284,0.00000,-0.25313,
4.22596,2,normal,-0.27284,0.00000,-0.25313,
4.23083,2,normal,-0.27284,0.00000,-0.25313,
4.23513,2,normal,-0.27284,0.00000,-0.25313,
4.23937,2,normal,-0.27284,0.00000,-0.25313,
4.24444,2,normal,-0.27284,0.00000,-0.25313,
4.24966,2,normal,-0.27284,0.00000,-0.25313,
4.25773,2,normal,-0.27284,0.00000,-0.25313,
4.26246,2,normal,-0.26808,0.00000,-0.25313,
4.26722,2,normal,-0.26332,0.00000,-0.25313,
4.27197,2,normal,-0.25823,0.00000,-0.25313,
4.27707,2,normal,-0.25304,0.00000,-0.25313,
4.28225,2,normal,-0.23880,0.00000,-0.25313,
4.29650,2,normal,-0.22477,0.00000,-0.25313,
4.31052,2,normal,-0.20975,0.00000,-0.25313,
4.32554,2,normal,-0.18523,0.00000,-0.25313,
4.35006,2,normal,-0.16770,0.00000,-0.25313,
4.36759,2,normal,-0.15260,0.00000,-0.25313,
4.38269,2,normal,-0.13726,0.00000,-0.25313,
4.39804,2,normal,-0.12260,0.00000,-0.25313,
4.41269,2,normal,-0.10726,0.00000,-0.25313,
4.42803,2,normal,-0.09110,0.00000,-0.25313,
4.44419,2,normal,-0.07580,0.00000,-0.25313,
4.45949,2,normal,-0.05924,0.00000,-0.25313,
4.47606,2,normal,-0.05924,0.00000,-0.25313,
4.49263,2,normal,-0.05924,0.00000,-0.25313,
4.50614,2,normal,-0.05924,0.00000,-0.25313,
4.52056,2,normal,-0.05924,0.00000,-0.25313,
4.53350,2,normal,-0.05924,0.00000,-0.25313,
4.53816,2,normal,-0.05924,0.00000,-0.25313,
4.54366,2,normal,-0.05924,0.00000,-0.25313,
4.54794,2,normal,-0.05924,0.00000,-0.25313,
4.55222,2,normal,-0.05924,0.00000,-0.25313,
4.55646,2,normal,-0.05924,0.00000,-0.25313,
4.56113,2,normal,-0.05924,0.00000,-0.25313,
4.56548,2,normal,-0.05924,0.00000,-0.25313,
4.56974,2,normal,-0.05924,0.00000,-0.25313,
4.57408,2,normal,-0.05924,0.00000,-0.25313,
4.58267,2,normal,-0.05924,0.00000,-0.25313,
4.58753,2,normal,-0.05924,0.00000,-0.25313,
4.59184,2,normal,-0.05924,0.00000,-0.25313,
4.59626,2,normal,-0.05924,0.00000,-0.25313,
4.60054,2,normal,-0.05924,0.00000,-0.25313,
4.60563,2,normal,-0.05924,0.00000,-0.25313,
4.60996,2,normal,-0.05924,0.00000,-0.25313,
4.61602,2,normal,-0.05924,0.00000,-0.25313,
4.62629,2,normal,-0.05924,0.00000,-0.25313,
4.63573,2,normal,-0.05924,0.00000,-0.25313,
4.64017,2,normal,-0.05924,0.00000,-0.25313,
4.64942,2,normal,-0.05924,0.00000,-0.25313,
4.65376,2,normal,-0.05924,0.00000,-0.25313,
4.65804,2,normal,-0.05924,0.00000,-0.25313,
4.66278,2,normal,-0.05924,0.00000,-0.25313,
4.66802,2,normal,-0.05924,0.00000,-0.25313,
4.67234,2,normal,-0.05924,0.00000,-0.25313,
4.68506,2,normal,-0.05924,0.00000,-0.25313,
4.68986,2,normal,-0.05924,0.00000,-0.25313,
4.69413,2,normal,-0.05924,0.00000,-0.25313,
4.69851,2,normal,-0.05924,0.00000,-0.25313,
4.70324,2,normal,-0.05924,0.00000,-0.25313,
4.70751,2,normal,-0.05924,0.00000,-0.25313,
4.71597,2,normal,-0.05924,0.00000,-0.25313,
4.72025,2,normal,-0.05924,0.00000,-0.25313,
4.72485,2,normal,-0.05924,0.00000,-0.25313,
4.72907,2,normal,-0.05924,0.00000,-0.25313,
4.73333,2,normal,-0.05924,0.00000,-0.25313,
4.73743,2,normal,-0.05924,0.00000,-0.25313,
4.74192,2,normal,-0.05924,0.00000,-0.25313,
4.74893,2,normal,-0.05924,0.00000,-0.25313,
4.75325,2,normal,-0.05924,0.00000,-0.25313,
4.75767,2,normal,-0.05924,0.00000,-0.25313,
4.76254,2,normal,-0.05924,0.00000,-0.25313,
4.76676,2,normal,-0.05924,0.00000,-0.25313,
4.77124,2,normal,-0.05924,0.00000,-0.25313,
4.77563,2,normal,-0.05924,0.00000,-0.25313,
4.78254,2,normal,-0.05924,0.00000,-0.25313,
4.78763,2,normal,-0.05924,0.00000,-0.25313,
4.79204,2,normal,-0.05924,0.00000,-0.25313,
4.79660,2,normal,-0.05924,0.00000,-0.25313,
4.80133,2,normal,-0.05924,0.00000,-0.25313,
4.80573,2,normal,-0.05924,0.00000,-0.25313,
4.81006,2,normal,-0.05924,0.00000,-0.25313,
4.81574,2,normal,-0.05924,0.00000,-0.25313,
4.82019,2,normal,-0.05924,0.00000,-0.25313,
4.82514,2,normal,-0.05924,0.00000,-0.25313,
4.83813,2,normal,-0.05924,0.00000,-0.25313,
4.84293,2,normal,-0.05924,0.00000,-0.25313,
4.84987,2,normal,-0.05924,0.00000,-0.25313,
4.85414,2,normal,-0.05924,0.00000,-0.25313,
4.85853,2,normal,-0.05924,0.00000,-0.25313,
4.86348,2,normal,-0.05924,0.00000,-0.25313,
4.86863,2,normal,-0.05924,0.00000,-0.25313,
4.87282,2,normal,-0.05924,0.00000,-0.25313,
4.87693,2,normal,-0.05924,0.00000,-0.25313,
4.89028,2,normal,-0.05924,0.00000,-0.25313,
4.89480,2,normal,-0.05924,0.00000,-0.25313,
4.89913,2,normal,-0.05924,0.00000,-0.25313,
4.90393,2,normal,-0.05924,0.00000,-0.25313,
4.90814,2,normal,-0.05924,0.00000,-0.25313,
4.91655,2,normal,-0.05924,0.00000,-0.25313,
4.92124,2,normal,-0.05924,0.00000,-0.25313,
4.92542,2,normal,-0.05924,0.00000,-0.25313,
4.92969,2,normal,-0.05924,0.00000,-0.25313,
4.93395,2,normal,-0.05924,0.00000,-0.25313,
4.93823,2,normal,-0.05924,0.00000,-0.25313,
4.94292,2,normal,-0.05924,0.00000,-0.25313,
4.94908,2,normal,-0.05924,0.00000,-0.25313,
4.95343,2,normal,-0.05924,0.00000,-0.25313,
4.95753,2,normal,-0.05924,0.00000,-0.25313,
4.96224,2,normal,-0.05924,0.00000,-0.25313,
4.96653,2,normal,-0.05924,0.00000,-0.25313,
4.97078,2,normal,-0.05924,0.00000,-0.25313,
4.97503,2,normal,-0.05924,0.00000,-0.25313,
4.98266,2,normal,-0.05924,0.00000,-0.25313,
4.99564,2,normal,-0.05924,0.00000,-0.25313,
5.00004,2,normal,-0.05924,0.00000,-0.25313,
5.00469,2,normal,-0.05924,0.00000,-0.25313,
5.00895,2,normal,-0.05924,0.00000,-0.25313,
5.01618,2,normal,-0.05924,0.00000,-0.25313,
5.02045,2,normal,-0.05924,0.00000,-0.25313,
5.02493,2,normal,-0.05924,0.00000,-0.25313,
5.02923,2,normal,-0.05924,0.00000,-0.25313,
5.03354,2,normal,-0.05924,0.00000,-0.25313,
5.03776,2,normal,-0.05924,0.00000,-0.25313,
5.04232,2,normal,-0.05924,0.00000,-0.25313,
5.04944,2,normal,-0.05924,0.00000,-0.25313,
5.05364,2,normal,-0.05924,0.00000,-0.25313,
5.05782,2,normal,-0.05924,0.00000,-0.25313,
5.06273,2,normal,-0.05924,0.00000,-0.25313,
5.06684,2,normal,-0.05924,0.00000,-0.25313,
5.07202,2,normal,-0.05924,0.00000,-0.25313,
5.07605,2,normal,-0.05924,0.00000,-0.25313,
5.08251,2,normal,-0.05924,0.00000,-0.25313,
5.08755,2,normal,-0.05924,0.00000,-0.25313,
5.09161,2,normal,-0.05924,0.00000,-0.25313,
5.09565,2,normal,-0.05924,0.00000,-0.25313,
5.09964,2,normal,-0.05924,0.00000,-0.25313,
5.10412,2,normal,-0.05924,0.00000,-0.25313,
5.10832,2,normal,-0.05924,0.00000,-0.25313,
5.11605,2,normal,-0.05924,0.00000,-0.25313,
5.12035,2,normal,-0.05924,0.00000,-0.25313,
5.12493,2,normal,-0.05924,0.00000,-0.25313,
5.12915,2,normal,-0.05924,0.00000,-0.25313,
5.13362,2,normal,-0.05924,0.00000,-0.25313,
5.14613,2,normal,-0.05924,0.00000,-0.25313,
5.15085,2,normal,-0.05924,0.00000,-0.25313,
5.15503,2,normal,-0.05924,0.00000,-0.25313,
5.15914,2,normal,-0.05924,0.00000,-0.25313,
5.17153,2,normal,-0.05924,0.00000,-0.25313,
5.17606,2,normal,-0.05924,0.00000,-0.25313,
5.18272,2,normal,-0.05924,0.00000,-0.25313,
5.18745,2,normal,-0.05924,0.00000,-0.25313,
5.19192,2,normal,-0.05924,0.00000,-0.25313,
5.19621,2,normal,-0.05924,0.00000,-0.25313,
5.20057,2,normal,-0.05924,0.00000,-0.25313,
5.20519,2,normal,-0.05924,0.00000,-0.25313,
5.20932,2,normal,-0.05924,0.00000,-0.25313,
5.21603,2,normal,-0.05924,0.00000,-0.25313,
5.22032,2,normal,-0.05924,0.00000,-0.25313,
5.22492,2,normal,-0.05924,0.00000,-0.25313,
5.22925,2,normal,-0.05924,0.00000,-0.25313,
5.23353,2,normal,-0.05924,0.00000,-0.25313,
5.23773,2,normal,-0.05924,0.00000,-0.25313,
5.24236,2,normal,-0.05924,0.00000,-0.25313,
5.24935,2,normal,-0.05924,0.00000,-0.25313,
5.25349,2,normal,-0.05924,0.00000,-0.25313,
5.25763,2,normal,-0.05924,0.00000,-0.25313,
5.26261,2,normal,-0.05924,0.00000,-0.25313,
5.26663,2,normal,-0.05924,0.00000,-0.25313,
5.27066,2,normal,-0.05924,0.00000,-0.25313,
5.27571,2,normal,-0.05924,0.00000,-0.25313,
5.28254,2,normal,-0.05924,0.00000,-0.25313,
5.28734,2,normal,-0.04617,0.00000,-0.25313,
5.30040,2,normal,-0.04114,0.00000,-0.25313,
5.30544,2,normal,-0.02698,0.00000,-0.25313,
5.31960,2,normal,-0.01276,0.00000,-0.25313,
5.33382,2,normal,0.00200,0.00000,-0.25313,
5.34858,2,normal,0.01658,0.00000,-0.25313,
5.36316,2,normal,0.01658,0.00000,-0.25313,
5.37832,2,normal,0.01658,0.00000,-0.25313,
5.39115,2,normal,0.01658,0.00000,-0.25313,
5.40392,2,normal,0.01658,0.00000,-0.25313,
5.41680,2,normal,0.01658,0.00000,-0.25313,
5.42194,2,normal,0.01658,0.00000,-0.25313,
5.42634,2,normal,0.01658,0.00000,-0.25313,
5.43077,2,normal,0.01658,0.00000,-0.25313,
5.43525,2,normal,0.01658,0.00000,-0.25313,
5.43964,2,normal,0.01658,0.00000,-0.25313,
5.45206,2,normal,0.01658,0.00000,-0.25313,
5.46555,2,normal,0.01658,0.00000,-0.25313,
5.47199,2,normal,0.01658,0.00000,-0.25313,
5.47743,2,normal,0.01658,0.00000,-0.25313,
5.48234,2,normal,0.01658,0.00000,-0.25313,
5.48663,2,normal,0.01658,0.00000,-0.25313,
5.49086,2,normal,0.01658,0.00000,-0.25313,
5.49526,2,normal,0.01658,0.00000,-0.25313,
5.49963,2,normal,0.01658,0.00000,-0.25313,
5.50491,2,normal,0.01658,0.00000,-0.25313,
5.50922,2,normal,0.01658,0.00000,-0.25313,
5.51559,2,normal,0.01658,0.00000,-0.25313,
5.51984,2,normal,0.01658,0.00000,-0.25313,
5.52453,2,normal,0.01658,0.00000,-0.25313,
5.52883,2,normal,0.01658,0.00000,-0.25313,
5.53304,2,normal,0.01658,0.00000,-0.25313,
5.53723,2,normal,0.01658,0.00000,-0.25313,
5.54183,2,normal,0.01658,0.00000,-0.25313,
5.54959,2,normal,0.01658,0.00000,-0.25313,
5.55386,2,normal,0.01658,0.00000,-0.25313,
5.55815,2,normal,0.01658,0.00000,-0.25313,
5.56327,2,normal,0.01658,0.00000,-0.25313,
5.56754,2,normal,0.01658,0.00000,-0.25313,
5.57161,2,normal,0.01658,0.00000,-0.24852,
5.57622,2,normal,0.01658,0.00000,-0.24205,
5.58269,2,normal,0.01658,0.00000,-0.23698,
5.58776,2,normal,0.01658,0.00000,-0.22251,
5.60223,2,normal,0.01658,0.00000,-0.20767,
5.61707,2,normal,0.01658,0.00000,-0.19225,
5.63249,2,normal,0.01658,0.00000,-0.17817,
5.64657,2,normal,0.01658,0.00000,-0.16282,
5.66192,2,normal,0.01658,0.00000,-0.16282,
5.67657,2,normal,0.01658,0.00000,-0.16282,
5.69151,2,normal,0.01658,0.00000,-0.16282,
5.70358,2,normal,0.01658,0.00000,-0.16282,
5.70913,2,normal,0.01658,0.00000,-0.16282,
5.71328,2,normal,0.01658,0.00000,-0.16282,
5.71756,2,normal,0.01658,0.00000,-0.16282,
5.72232,2,normal,0.01658,0.00000,-0.16282,
5.72662,2,normal,0.01658,0.00000,-0.16282,
5.73087,2,normal,0.01658,0.00000,-0.16282,
5.73492,2,normal,0.01658,0.00000,-0.16282,
5.74804,2,normal,0.01658,0.00000,-0.16282,
5.75403,2,normal,0.01658,0.00000,-0.16282,
5.76646,2,normal,0.01658,0.00000,-0.16282,
5.77163,2,normal,0.01658,0.00000,-0.16282,
5.78026,2,normal,0.01658,0.00000,-0.16282,
5.78501,2,normal,0.01658,0.00000,-0.16282,
5.78922,2,normal,0.01658,0.00000,-0.16282,
5.79345,2,normal,0.01658,0.00000,-0.16282,
5.79761,2,normal,0.01658,0.00000,-0.16282,
5.80232,2,normal,0.01658,0.00000,-0.16282,
5.80654,2,normal,0.01658,0.00000,-0.16282,
5.81092,2,normal,0.01658,0.00000,-0.16282,
5.81573,2,normal,0.01658,0.00000,-0.16282,
5.82014,2,normal,0.01658,0.00000,-0.16282,
5.82482,2,normal,0.01658,0.00000,-0.16282,
5.82901,2,normal,0.01658,0.00000,-0.16282,
5.83335,2,normal,0.01658,0.00000,-0.16282,
5.83765,2,normal,0.01658,0.00000,-0.16282,
5.84261,2,normal,0.01658,0.00000,-0.16282,
5.84906,2,normal,0.01658,0.00000,-0.16282,
5.85348,2,normal,0.01658,0.00000,-0.16282,
5.85794,2,normal,0.01658,0.00000,-0.16282,
5.86280,2,normal,0.01658,0.00000,-0.15789,
5.86774,2,normal,0.01658,0.00000,-0.15295,
5.87267,2,normal,0.01658,0.00000,-0.14787,
5.87775,2,normal,0.01658,0.00000,-0.14125,
5.88437,2,normal,0.01658,0.00000,-0.12653,
5.89910,2,normal,0.01658,0.00000,-0.11138,
5.91424,2,normal,0.01658,0.00000,-0.09613,
5.92949,2,normal,0.01658,0.00000,-0.08125,
5.94438,2,normal,0.01658,0.00000,-0.06634,
5.95928,2,normal,0.01658,0.00000,-0.05133,
5.97430,2,normal,0.01658,0.00000,-0.05133,
5.98852,2,normal,0.01658,0.00000,-0.05133,
6.00237,2,normal,0.01658,0.00000,-0.05133,
6.01524,2,normal,0.01658,0.00000,-0.05133,
6.01996,2,normal,0.01658,0.00000,-0.05133,
6.02482,2,normal,0.01658,0.00000,-0.05133,
6.02916,2,normal,0.01658,0.00000,-0.05133,
6.03925,2,normal,0.01658,0.00000,-0.05133,
6.04906,2,normal,0.02175,0.00000,-0.05133,
6.05422,2,normal,0.02667,0.00000,-0.05133,
6.05914,2,normal,0.03209,0.00000,-0.05133,
6.06456,2,normal,0.04664,0.00000,-0.05133,
6.07911,2,normal,0.06260,0.00000,-0.05133,
6.09507,2,normal,0.07823,0.00000,-0.05133,
6.11070,2,normal,0.09326,0.00000,-0.05133,
6.12573,2,normal,0.11037,0.00000,-0.05133,
6.14284,2,normal,0.11037,0.00000,-0.05133,
6.15817,2,normal,0.11037,0.00000,-0.05133,
6.17222,2,normal,0.11037,0.00000,-0.05133,
6.18458,2,normal,0.11037,0.00000,-0.05133,
6.18975,2,normal,0.11037,0.00000,-0.05133,
6.19425,2,normal,0.11037,0.00000,-0.05133,
6.19864,2,normal,0.11037,0.00000,-0.05133,
6.20345,2,normal,0.11037,0.00000,-0.05133,
6.20752,2,normal,0.11037,0.00000,-0.04184,
6.21701,2,normal,0.11037,0.00000,-0.02865,
6.23019,2,normal,0.11037,0.00000,-0.02361,
6.23523,2,normal,0.11037,0.00000,-0.00927,
6.24958,2,normal,0.11037,0.00000,0.00549,
6.26433,2,normal,0.11037,0.00000,0.02098,
6.27982,2,normal,0.11037,0.00000,0.02098,
6.29617,2,normal,0.11037,0.00000,0.02098,
6.30969,2,normal,0.11037,0.00000,0.02098,
6.32248,2,normal,0.11037,0.00000,0.02098,
6.32764,2,normal,0.11037,0.00000,0.02098,
6.33208,2,normal,0.11037,0.00000,0.02098,
6.33644,2,normal,0.11037,0.00000,0.02098,
6.34121,2,normal,0.11037,0.00000,0.02098,
6.34978,2,normal,0.11037,0.00000,0.02098,
6.36019,2,normal,0.11037,0.00000,0.02098,
6.37031,2,normal,0.11037,0.00000,0.02098,
6.38367,2,normal,0.11037,0.00000,0.02098,
6.38873,2,normal,0.11037,0.00000,0.02098,
6.39291,2,normal,0.11037,0.00000,0.02098,
6.39712,2,normal,0.11037,0.00000,0.02098,
6.40194,2,normal,0.11037,0.00000,0.02098,
6.40611,2,normal,0.11037,0.00000,0.02098,
6.41034,2,normal,0.11037,0.00000,0.02098,
6.41551,2,normal,0.11037,0.00000,0.02098,
6.41964,2,normal,0.11037,0.00000,0.02098,
6.42439,2,normal,0.11037,0.00000,0.02098,
6.42862,2,normal,0.11037,0.00000,0.02098,
6.43272,2,normal,0.11037,0.00000,0.02098,
6.43700,2,normal,0.11037,0.00000,0.02098,
6.44162,2,normal,0.11037,0.00000,0.02098,
6.44964,2,normal,0.11037,0.00000,0.02098,
6.45396,2,normal,0.11037,0.00000,0.02098,
6.45823,2,normal,0.11037,0.00000,0.02098,
6.46291,2,normal,0.11037,0.00000,0.02098,
6.46725,2,normal,0.11037,0.00000,0.02098,
6.47146,2,normal,0.11037,0.00000,0.02098,
6.47576,2,normal,0.11037,0.00000,0.02098,
6.48271,2,normal,0.11037,0.00000,0.02098,
6.48854,2,normal,0.11037,0.00000,0.02098,
6.49282,2,normal,0.11037,0.00000,0.02098,
6.49703,2,normal,0.11037,0.00000,0.02098,
6.50214,2,normal,0.11037,0.00000,0.02098,
6.50645,2,normal,0.11037,0.00000,0.02098,
6.51061,2,normal,0.11037,0.00000,0.02098,
6.51552,2,normal,0.11037,0.00000,0.02098,
6.51972,2,normal,0.11037,0.00000,0.02098,
6.52459,2,normal,0.11037,0.00000,0.02098,
6.53757,2,normal,0.11037,0.00000,0.02098,
6.54223,2,normal,0.11037,0.00000,0.02098,
6.54970,2,normal,0.11037,0.00000,0.02098,
6.55392,2,normal,0.11037,0.00000,0.02098,
6.55812,2,normal,0.11037,0.00000,0.02098,
6.56313,2,normal,0.11037,0.00000,0.02098,
6.56743,2,normal,0.11037,0.00000,0.02098,
6.57150,2,normal,0.11037,0.00000,0.02098,
6.57575,2,normal,0.11037,0.00000,0.02098,
6.58276,2,normal,0.11037,0.00000,0.02098,
6.58777,2,normal,0.11037,0.00000,0.02098,
6.59190,2,normal,0.11037,0.00000,0.02098,
6.59601,2,normal,0.11037,0.00000,0.02098,
6.60025,2,normal,0.11037,0.00000,0.02098,
6.60497,2,normal,0.11037,0.00000,0.02098,
6.60902,2,normal,0.11037,0.00000,0.02098,
6.61601,2,normal,0.11037,0.00000,0.02098,
6.62033,2,normal,0.11037,0.00000,0.02098,
6.62501,2,normal,0.11037,0.00000,0.02098,
6.62933,2,normal,0.11037,0.00000,0.02098,
6.63353,2,normal,0.11037,0.00000,0.02098,
6.63771,2,normal,0.11037,0.00000,0.02098,
6.64234,2,normal,0.11037,0.00000,0.02098,
6.64936,2,normal,0.11037,0.00000,0.02098,
6.65941,2,normal,0.11037,0.00000,0.02098,
6.66734,2,normal,0.11037,0.00000,0.02098,
6.67165,2,normal,0.11037,0.00000,0.02098,
6.67593,2,normal,0.11037,0.00000,0.02098,
6.68871,2,normal,0.11037,0.00000,0.02098,
6.69462,2,normal,0.11037,0.00000,0.02098,
6.69904,2,normal,0.11037,0.00000,0.02098,
6.70373,2,normal,0.11037,0.00000,0.02098,
6.70812,2,normal,0.11037,0.00000,0.02098,
6.71613,2,normal,0.11037,0.00000,0.02098,
6.72042,2,normal,0.11037,0.00000,0.02098,
6.72518,2,normal,0.11037,0.00000,0.02098,
6.72944,2,normal,0.11037,0.00000,0.02098,
6.73364,2,normal,0.11037,0.00000,0.02098,
6.73774,2,normal,0.11037,0.00000,0.02098,
6.74214,2,normal,0.11037,0.00000,0.02098,
6.74927,2,normal,0.11037,0.00000,0.02098,
6.75353,2,normal,0.11037,0.00000,0.02098,
6.75781,2,normal,0.11037,0.00000,0.02098,
6.76258,2,normal,0.11037,0.00000,0.02098,
6.76673,2,normal,0.11037,0.00000,0.02098,
6.77097,2,normal,0.11037,0.00000,0.02098,
6.77535,2,normal,0.11037,0.00000,0.02098,
6.78280,2,normal,0.11037,0.00000,0.02098,
6.78775,2,normal,0.11037,0.00000,0.02098,
6.79192,2,normal,0.11037,0.00000,0.02098,
6.79607,2,normal,0.11037,0.00000,0.02098,
6.80032,2,normal,0.11037,0.00000,0.02098,
6.80501,2,normal,0.11037,0.00000,0.02098,
6.80935,2,normal,0.10328,0.00000,0.02098,
6.81643,2,normal,0.09798,0.00000,0.02098,
6.82173,2,normal,0.09309,0.00000,0.02098,
6.82662,2,normal,0.07825,0.00000,0.02098,
6.84146,2,normal,0.06389,0.00000,0.02098,
6.85582,2,normal,0.04879,0.00000,0.02098,
6.87092,2,normal,0.03373,0.00000,0.02098,
6.88598,2,normal,0.03373,0.00000,0.02098,
6.90153,2,normal,0.03373,0.00000,0.02098,
6.91535,2,normal,0.03373,0.00000,0.02098,
6.92826,2,normal,0.03373,0.00000,0.02098,
6.94165,2,normal,0.03373,0.00000,0.02098,
6.94673,2,normal,0.03373,0.00000,0.02098,
6.95123,2,normal,0.03373,0.00000,0.02098,
6.95571,2,normal,0.03373,0.00000,0.02098,
6.96014,2,normal,0.03373,0.00000,0.02098,
6.96503,2,normal,0.03373,0.00000,0.02098,
6.96935,2,normal,0.03373,0.00000,0.02098,
6.97365,2,normal,0.03373,0.00000,0.02098,
6.97822,2,normal,0.03373,0.00000,0.02098,
6.99146,2,normal,0.03373,0.00000,0.02098,
6.99619,2,normal,0.03373,0.00000,0.02098,
7.00975,2,normal,0.03373,0.00000,0.02098,
7.01557,2,normal,0.03373,0.00000,0.02098,
7.01972,2,normal,0.03373,0.00000,0.02098,
7.02434,2,normal,0.03373,0.00000,0.02098,
7.02935,2,normal,0.03373,0.00000,0.02098,
7.03363,2,normal,0.03373,0.00000,0.02098,
7.03805,2,normal,0.03373,0.00000,0.02098,
7.04284,2,normal,0.03373,0.00000,0.02098,
7.04951,2,normal,0.03373,0.00000,0.02098,
7.05393,2,normal,0.03373,0.00000,0.02098,
7.05822,2,normal,0.03373,0.00000,0.02098,
7.06317,2,normal,0.03373,0.00000,0.02098,
7.06754,2,normal,0.03373,0.00000,0.02098,
7.07197,2,normal,0.03373,0.00000,0.02098,
7.07613,2,normal,0.03373,0.00000,0.02098,
7.08336,2,normal,0.03373,0.00000,0.02098,
7.08806,2,normal,0.03373,0.00000,0.02098,
7.09243,2,normal,0.03373,0.00000,0.02098,
7.09684,2,normal,0.03373,0.00000,0.02098,
7.10162,2,normal,0.03373,0.00000,0.02098,
7.10716,2,normal,0.03373,0.00000,0.02098,
7.11142,2,normal,0.03373,0.00000,0.02098,
7.11588,2,normal,0.03373,0.00000,0.02098,
7.12027,2,normal,0.03373,0.00000,0.02098,
7.12493,2,normal,0.03373,0.00000,0.02098,
7.12932,2,normal,0.03373,0.00000,0.02098,
7.14220,2,normal,0.03373,0.00000,0.02098,
7.14743,2,normal,0.03373,0.00000,0.02098,
7.15174,2,normal,0.03373,0.00000,0.02098,
7.15604,2,normal,0.03373,0.00000,0.02098,
7.16042,2,normal,0.03373,0.00000,0.02098,
7.16497,2,normal,0.03373,0.00000,0.02098,
7.16935,2,normal,0.03373,0.00000,0.02098,
7.17354,2,normal,0.03373,0.00000,0.02098,
7.17783,2,normal,0.03373,0.00000,0.02098,
7.18245,2,normal,0.03373,0.00000,0.02098,
7.18662,2,normal,0.03373,0.00000,0.02098,
7.19066,2,normal,0.03373,0.00000,0.02098,
7.19496,2,normal,0.03373,0.00000,0.02098,
7.19931,2,normal,0.03373,0.00000,0.02098,
7.20412,2,normal,0.03373,0.00000,0.02098,
7.20814,2,normal,0.03373,0.00000,0.02098,
7.21631,2,normal,0.03373,0.00000,0.02098,
7.22105,2,normal,0.03373,0.00000,0.02098,
7.22544,2,normal,0.03373,0.00000,0.02098,
7.22963,2,normal,0.03373,0.00000,0.02098,
7.23404,2,normal,0.03373,0.00000,0.02098,
7.23831,2,normal,0.03373,0.00000,0.02098,
7.24282,2,normal,0.03373,0.00000,0.02098,
7.24944,2,normal,0.03373,0.00000,0.02098,
7.25390,2,normal,0.03373,0.00000,0.02098,
7.25812,2,normal,0.03373,0.00000,0.02098,
7.26328,2,normal,0.03373,0.00000,0.02098,
7.26765,2,normal,0.03373,0.00000,0.02098,
7.27181,2,normal,0.03373,0.00000,0.02098,
7.27595,2,normal,0.03373,0.00000,0.02098,
7.28287,2,normal,0.03373,0.00000,0.02098,
7.29617,2,normal,0.03373,0.00000,0.02098,
7.30073,2,normal,0.03373,0.00000,0.02098,
7.30539,2,normal,0.03373,0.00000,0.02098,
7.31054,2,normal,0.03373,0.00000,0.02098,
7.31559,2,normal,0.03373,0.00000,0.02098,
7.31992,2,normal,0.03373,0.00000,0.02098,
7.33389,2,normal,0.03373,0.00000,0.02098,
7.33901,2,normal,0.03373,0.00000,0.02098,
7.34470,2,normal,0.03373,0.00000,0.02098,
7.35749,2,normal,0.03373,0.00000,0.02098,
7.36305,2,normal,0.03373,0.00000,0.02098,
7.36778,2,normal,0.03373,0.00000,0.02098,
7.37204,2,normal,0.03373,0.00000,0.02098,
7.38065,2,normal,0.03373,0.00000,0.02098,
7.38541,2,normal,0.03373,0.00000,0.02098,
7.38950,2,normal,0.03373,0.00000,0.02098,
7.39376,2,normal,0.03373,0.00000,0.02098,
7.39804,2,normal,0.03373,0.00000,0.02098,
7.40284,2,normal,0.03373,0.00000,0.02098,
7.40694,2,normal,0.03373,0.00000,0.02098,
7.41112,2,normal,0.03373,0.00000,0.02098,
7.41552,2,normal,0.03373,0.00000,0.02098,
7.41975,2,normal,0.03373,0.00000,0.02098,
7.42435,2,normal,0.03373,0.00000,0.02098,
7.42863,2,normal,0.03373,0.00000,0.02098,
7.43305,2,normal,0.03373,0.00000,0.02098,
7.44532,2,normal,0.03373,0.00000,0.02098,
7.45116,1,normal,0.03373,0.00000,0.02098,
7.45751,1,normal,0.03373,0.00000,0.02098,
7.47198,1,normal,0.03373,0.00000,0.02098,
7.47755,1,normal,0.03373,0.00000,0.02098,
7.48392,1,normal,0.03373,0.00000,0.02098,
7.48869,1,normal,0.03373,0.00000,0.02098,
7.49341,1,normal,0.03373,0.00000,0.02098,
7.49858,1,normal,0.03373,0.00000,0.02098,
7.50327,1,normal,0.03373,0.00000,0.02098,
7.50798,1,normal,0.03373,0.00000,0.02098,
7.51268,1,normal,0.03373,0.00000,0.02098,
7.51730,1,normal,0.03373,0.00000,0.02098,
7.52259,1,normal,0.03373,0.00000,0.02098,
7.52711,1,normal,0.03373,0.00000,0.02098,
7.53208,1,normal,0.03373,0.00000,0.02098,
7.53658,1,normal,0.03373,0.00000,0.02098,
7.54186,1,normal,0.03373,0.00000,0.02098,
7.54640,1,normal,0.03373,0.00000,0.02098,
7.55107,1,normal,0.03373,0.00000,0.02098,
7.55570,1,normal,0.03373,0.00000,0.02098,
7.56073,1,normal,0.03373,0.00000,0.02098,
7.56536,1,normal,0.03373,0.00000,0.02098,
7.56979,1,normal,0.03373,0.00000,0.02098,
7.57432,1,normal,0.03373,0.00000,0.02098,
7.57949,1,normal,0.03373,0.00000,0.02098,
7.58400,1,normal,0.03373,0.00000,0.02098,
7.58884,1,normal,0.03373,0.00000,0.02098,
7.60303,1,normal,0.03373,0.00000,0.02098,
7.61030,1,normal,0.03373,0.00000,0.02098,
7.61471,1,normal,0.03373,0.00000,0.02098,
7.61937,1,normal,0.03373,0.00000,0.02098,
7.62362,1,normal,0.03373,0.00000,0.02098,
7.62783,1,normal,0.03373,0.00000,0.02098,
7.63621,1,normal,0.03373,0.00000,0.02098,
7.64088,1,normal,0.03373,0.00000,0.02098,
7.64508,1,normal,0.03373,0.00000,0.02098,
7.64936,1,normal,0.03373,0.00000,0.02098,
7.65359,1,normal,0.03373,0.00000,0.02098,
7.65819,1,normal,0.03373,0.00000,0.02098,
7.66237,1,normal,0.03373,0.00000,0.02098,
7.66929,1,normal,0.03373,0.00000,0.02098,
7.67351,1,normal,0.03373,0.00000,0.02098,
7.67817,1,normal,0.03373,0.00000,0.02098,
7.68229,1,normal,0.03373,0.00000,0.02098,
7.68636,1,normal,0.03373,0.00000,0.02098,
7.69059,1,normal,0.03373,0.00000,0.02098,
7.69480,1,normal,0.03373,0.00000,0.02098,
7.70272,1,normal,0.03373,0.00000,0.02098,
7.70698,1,normal,0.03373,0.00000,0.02098,
7.71107,1,normal,0.03373,0.00000,0.02098,
7.72318,1,normal,0.03373,0.00000,0.02098,
7.72840,1,normal,0.03373,0.00000,0.02098,
7.73357,1,normal,0.03373,0.00000,0.02098,
7.73817,1,normal,0.03373,0.00000,0.02098,
7.74232,1,normal,0.03373,0.00000,0.02098,
7.75530,1,normal,0.03373,0.00000,0.02098,
7.76027,1,normal,0.03373,0.00000,0.02098,
7.76456,1,normal,0.03373,0.00000,0.02098,
7.76870,1,normal,0.03373,0.00000,0.02098,
7.77276,1,normal,0.03373,0.00000,0.02098,
7.77700,1,normal,0.03373,0.00000,0.02098,
7.78159,1,normal,0.03373,0.00000,0.02098,
7.78563,1,normal,0.03373,0.00000,0.02098,
7.78976,1,normal,0.03373,0.00000,0.02098,
7.79379,1,normal,0.03373,0.00000,0.02098,
7.79850,1,normal,0.03373,0.00000,0.02098,
7.80267,1,normal,0.03373,0.00000,0.02098,
7.80731,1,normal,0.03373,0.00000,0.02098,
7.81257,1,normal,0.03373,0.00000,0.02098,
7.81672,1,normal,0.03373,0.00000,0.02098,
7.82130,1,normal,0.03373,0.00000,0.02098,
7.82546,1,normal,0.03373,0.00000,0.02098,
7.82957,1,normal,0.03373,0.00000,0.02098,
7.83365,1,normal,0.03373,0.00000,0.02098,
7.83825,1,normal,0.03373,0.00000,0.02098,
7.84236,1,normal,0.03373,0.00000,0.02098,
7.84660,1,normal,0.03373,0.00000,0.02098,
7.85072,1,normal,0.03373,0.00000,0.02098,
7.85499,1,normal,0.03373,0.00000,0.02098,
7.85945,1,normal,0.03373,0.00000,0.02098,
7.86358,1,normal,0.03373,0.00000,0.02098,
7.86760,1,normal,0.03373,0.00000,0.02098,
7.87178,1,normal,0.03373,0.00000,0.02098,
7.87580,1,normal,0.03373,0.00000,0.02098,
7.88026,1,normal,0.03373,0.00000,0.02098,
7.88429,1,normal,0.03373,0.00000,0.02098,
7.88836,1,normal,0.03373,0.00000,0.02098,
7.89255,1,normal,0.03373,0.00000,0.02098,
7.90511,1,normal,0.03373,0.00000,0.02098,
7.90979,1,normal,0.03373,0.00000,0.02098,
7.91387,1,normal,0.03373,0.00000,0.02098,
7.91866,1,normal,0.03373,0.00000,0.02098,
7.92297,1,normal,0.03373,0.00000,0.02098,
7.92731,1,normal,0.03373,0.00000,0.02098,
7.93582,1,normal,0.03373,0.00000,0.02098,
7.94059,1,normal,0.03373,0.00000,0.02098,
7.94477,1,normal,0.03373,0.00000,0.02098,
7.94912,1,normal,0.03373,0.00000,0.02098,
7.96118,1,normal,0.03373,0.00000,0.02098,
7.96727,1,normal,0.03373,0.00000,0.02098,
7.97177,1,normal,0.03373,0.00000,0.02098,
7.97605,1,normal,0.03373,0.00000,0.02098,
7.98099,1,normal,0.03373,0.00000,0.02098,
7.98523,1,normal,0.03373,0.00000,0.02098,
7.98947,1,normal,0.03373,0.00000,0.02098,
7.99367,1,normal,0.03373,0.00000,0.02098,
7.99815,1,normal,0.03373,0.00000,0.02098,
8.00236,1,normal,0.03373,0.00000,0.02098,
8.00668,1,normal,0.03373,0.00000,0.02098,
8.01081,1,normal,0.03373,0.00000,0.02098,
8.01618,1,normal,0.03373,0.00000,0.02098,
8.02080,1,normal,0.03373,0.00000,0.02098,
8.02484,1,normal,0.03373,0.00000,0.02098,
8.02908,1,normal,0.03373,0.00000,0.02098,
8.04114,1,normal,0.03373,0.00000,0.02098,
8.04576,1,normal,0.03373,0.00000,0.02098,
8.05884,1,normal,0.03373,0.00000,0.02098,
8.06366,1,normal,0.03373,0.00000,0.02098,
8.06781,1,normal,0.03373,0.00000,0.02098,
8.07210,1,normal,0.03373,0.00000,0.02098,
8.07627,1,normal,0.03373,0.00000,0.02098,
8.08087,1,normal,0.03373,0.00000,0.02098,
8.08510,1,normal,0.03373,0.00000,0.02098,
8.08917,1,normal,0.03373,0.00000,0.02098,
8.09321,1,normal,0.03373,0.00000,0.02098,
8.09798,1,normal,0.03373,0.00000,0.02098,
8.10200,1,normal,0.03373,0.00000,0.02098,
8.10607,1,normal,0.03373,0.00000,0.02098,
8.11029,1,normal,0.03373,0.00000,0.02098,
8.11458,1,normal,0.03373,0.00000,0.02098,
8.11908,1,normal,0.03373,0.00000,0.02098,
8.12321,1,normal,0.03373,0.00000,0.02098,
8.12727,1,normal,0.03373,0.00000,0.02098,
8.13157,1,normal,0.03373,0.00000,0.02098,
8.13568,1,normal,0.03373,0.00000,0.01594,
8.14072,1,normal,0.03373,0.00000,0.01117,
8.14549,1,normal,0.03373,0.00000,0.00630,
8.15036,1,normal,0.03373,0.00000,0.00168,
8.15498,1,normal,0.03373,0.00000,-0.01349,
8.17014,1,normal,0.03373,0.00000,-0.02787,
8.18453,1,normal,0.03373,0.00000,-0.04346,
8.20012,1,normal,0.03373,0.00000,-0.06455,
8.22121,1,normal,0.03373,0.00000,-0.08755,
8.24421,1,normal,0.03373,0.00000,-0.10293,
8.25959,1,normal,0.03373,0.00000,-0.11939,
8.27605,1,normal,0.03373,0.00000,-0.13477,
8.29143,1,normal,0.03373,0.00000,-0.15029,
8.30694,1,normal,0.03373,0.00000,-0.16572,
8.32238,1,normal,0.03373,0.00000,-0.18214,
8.33880,1,normal,0.03373,0.00000,-0.19868,
8.35533,1,normal,0.03373,0.00000,-0.21516,
8.37182,1,normal,0.03373,0.00000,-0.22929,
8.38594,1,normal,0.03373,0.00000,-0.24454,
8.40119,1,normal,0.03373,0.00000,-0.26075,
8.41741,1,normal,0.03373,0.00000,-0.26075,
8.43276,1,normal,0.03373,0.00000,-0.26075,
8.44721,1,normal,0.03373,0.00000,-0.26075,
8.46061,1,normal,0.03373,0.00000,-0.26075,
8.46569,1,normal,0.03373,0.00000,-0.26075,
8.46998,1,normal,0.03373,0.00000,-0.26075,
8.47445,1,normal,0.03373,0.00000,-0.26075,
8.48688,1,normal,0.03373,0.00000,-0.26075,
8.49737,1,normal,0.03373,0.00000,-0.26075,
8.50304,1,normal,0.03373,0.00000,-0.26075,
8.50810,1,normal,0.03373,0.00000,-0.26075,
8.52100,1,normal,0.03373,0.00000,-0.26075,
8.52597,1,normal,0.03373,0.00000,-0.26075,
8.53026,1,normal,0.03373,0.00000,-0.26075,
8.53458,1,normal,0.03373,0.00000,-0.26075,
8.53928,1,normal,0.03373,0.00000,-0.26075,
8.54341,1,normal,0.03373,0.00000,-0.26075,
8.54758,1,normal,0.03373,0.00000,-0.26075,
8.55242,1,normal,0.03373,0.00000,-0.26075,
8.55686,1,normal,0.03373,0.00000,-0.26075,
8.56151,1,normal,0.03373,0.00000,-0.26075,
8.56569,1,normal,0.03373,0.00000,-0.26075,
8.56997,1,normal,0.03373,0.00000,-0.26075,
8.57421,1,normal,0.03373,0.00000,-0.26075,
8.57886,1,normal,0.03373,0.00000,-0.26075,
8.58638,1,normal,0.03373,0.00000,-0.26075,
8.59058,1,normal,0.03373,0.00000,-0.26075,
8.59477,1,normal,0.03373,0.00000,-0.26075,
8.59982,1,normal,0.03373,0.00000,-0.26075,
8.60398,1,normal,0.03373,0.00000,-0.26075,
8.60818,1,normal,0.03373,0.00000,-0.26075,
8.61249,1,normal,0.03373,0.00000,-0.26075,
8.61949,1,normal,0.03373,0.00000,-0.26075,
8.62414,1,normal,0.03373,0.00000,-0.26075,
8.62826,1,normal,0.03373,0.00000,-0.26075,
8.63235,1,normal,0.03373,0.00000,-0.26075,
8.63638,1,normal,0.03373,0.00000,-0.26075,
8.64198,1,normal,0.03373,0.00000,-0.26075,
8.64616,1,normal,0.03373,0.00000,-0.26075,
8.65262,1,normal,0.03373,0.00000,-0.26075,
8.65656,1,normal,0.03373,0.00000,-0.26075,
8.66773,1,normal,0.03373,0.00000,-0.26075,
8.67998,1,normal,0.03373,0.00000,-0.26075,
8.68467,1,normal,0.03373,0.00000,-0.26075,
8.68877,1,normal,0.03373,0.00000,-0.26075,
8.69288,1,normal,0.03373,0.00000,-0.26075,
8.69709,1,normal,0.03373,0.00000,-0.26075,
8.70171,1,normal,0.03373,0.00000,-0.26075,
8.70581,1,normal,0.03373,0.00000,-0.26075,
8.71011,1,normal,0.03373,0.00000,-0.26075,
8.71429,1,normal,0.03373,0.00000,-0.26075,
8.71884,1,normal,0.03373,0.00000,-0.26075,
8.73180,1,normal,0.03373,0.00000,-0.26075,
8.73646,1,normal,0.03373,0.00000,-0.26075,
8.74141,1,normal,0.03373,0.00000,-0.26075,
8.74567,1,normal,0.03373,0.00000,-0.26075,
8.74978,1,normal,0.03373,0.00000,-0.26075,
8.75405,1,normal,0.03373,0.00000,-0.26075,
8.75863,1,normal,0.03373,0.00000,-0.26075,
8.76280,1,normal,0.03373,0.00000,-0.26075,
8.76695,1,normal,0.03373,0.00000,-0.26075,
8.77117,1,normal,0.03373,0.00000,-0.26075,
8.77539,1,normal,0.03373,0.00000,-0.26075,
8.78005,1,normal,0.03373,0.00000,-0.26075,
8.78415,1,normal,0.03373,0.00000,-0.26075,
8.78842,1,normal,0.03373,0.00000,-0.26075,
8.79257,1,normal,0.03373,0.00000,-0.26075,
8.79677,1,normal,0.03373,0.00000,-0.26075,
8.80130,1,normal,0.03373,0.00000,-0.26075,
8.80557,1,normal,0.03373,0.00000,-0.26075,
8.80971,1,normal,0.03373,0.00000,-0.26075,
8.81379,1,normal,0.03373,0.00000,-0.26075,
8.81877,1,normal,0.03373,0.00000,-0.24785,
8.83168,1,normal,0.03373,0.00000,-0.24292,
8.83661,1,normal,0.03373,0.00000,-0.22670,
8.85282,1,normal,0.03373,0.00000,-0.21227,
8.86726,1,normal,0.03373,0.00000,-0.19644,
8.88308,1,normal,0.03373,0.00000,-0.18107,
8.89846,1,normal,0.03373,0.00000,-0.16500,
8.91452,1,normal,0.03373,0.00000,-0.14986,
8.92966,1,normal,0.03373,0.00000,-0.13420,
8.94533,1,normal,0.03373,0.00000,-0.11896,
8.96057,1,normal,0.03373,0.00000,-0.09884,
8.98068,1,normal,0.03373,0.00000,-0.08339,
8.99613,1,normal,0.03373,0.00000,-0.05699,
9.02253,1,normal,0.03373,0.00000,-0.03893,
9.04059,1,normal,0.03373,0.00000,-0.02085,
9.05867,1,normal,0.03373,0.00000,-0.00447,
9.07505,1,normal,0.03373,0.00000,0.01265,
9.09217,1,normal,0.03373,0.00000,0.01265,
9.10735,1,normal,0.03373,0.00000,0.01265,
9.12100,1,normal,0.03373,0.00000,0.01265,
9.13335,1,normal,0.03373,0.00000,0.01265,
9.14600,1,normal,0.03373,0.00000,0.01265,
9.15050,1,normal,0.03373,0.00000,0.01265,
9.15476,1,normal,0.03373,0.00000,0.01265,
9.15948,1,normal,0.03373,0.00000,0.01265,
9.16367,1,normal,0.03373,0.00000,0.01265,
9.16788,1,normal,0.03373,0.00000,0.01265,
9.17199,1,normal,0.03373,0.00000,0.01265,
9.17628,1,normal,0.03373,0.00000,0.01265,
9.18086,1,normal,0.03373,0.00000,0.01265,
9.18503,1,normal,0.03373,0.00000,0.01265,
9.18917,1,normal,0.03373,0.00000,0.01265,
9.19326,1,normal,0.03373,0.00000,0.01265,
9.19778,1,normal,0.03373,0.00000,0.01265,
9.20188,1,normal,0.03373,0.00000,0.01265,
9.20598,1,normal,0.03373,0.00000,0.01265,
9.21018,1,normal,0.03373,0.00000,0.01265,
9.21437,1,normal,0.03373,0.00000,0.01265,
9.21886,1,normal,0.03373,0.00000,0.01265,
9.22321,1,normal,0.03373,0.00000,0.01265,
9.22747,1,normal,0.03373,0.00000,0.01265,
9.23168,1,normal,0.03373,0.00000,0.01265,
9.23579,1,normal,0.03373,0.00000,0.01265,
9.24060,1,normal,0.03373,0.00000,0.01265,
9.24580,1,normal,0.03373,0.00000,0.01265,
9.24998,1,normal,0.03373,0.00000,0.01265,
9.25417,1,normal,0.03373,0.00000,0.01265,
9.25861,1,normal,0.03373,0.00000,0.01265,
9.26277,1,normal,0.03373,0.00000,0.01265,
9.26689,1,normal,0.03373,0.00000,0.01265,
9.27703,1,normal,0.03373,0.00000,0.01265,
9.28668,1,normal,0.03373,0.00000,0.01265,
9.30032,1,normal,0.03373,0.00000,0.01265,
9.30508,1,normal,0.03373,0.00000,0.01265,
9.30919,1,normal,0.03373,0.00000,0.01265,
9.31341,1,normal,0.03373,0.00000,0.01265,
9.31807,1,normal,0.03373,0.00000,0.01265,
9.32215,1,normal,0.03373,0.00000,0.01265,
9.32618,1,normal,0.03373,0.00000,0.01265,
9.33016,1,normal,0.03373,0.00000,0.01265,
9.33419,1,normal,0.03373,0.00000,0.01265,
9.33889,1,normal,0.03373,0.00000,0.01265,
9.34310,1,normal,0.03373,0.00000,0.01265,
9.34718,1,normal,0.03373,0.00000,0.01265,
9.35129,1,normal,0.03373,0.00000,0.01265,
9.35539,1,normal,0.03373,0.00000,0.01265,
9.35989,1,normal,0.03373,0.00000,0.01265,
9.36421,1,normal,0.03373,0.00000,0.01265,
9.36828,1,normal,0.03373,0.00000,0.01265,
9.37237,1,normal,0.03373,0.00000,0.01265,
9.37659,1,normal,0.03373,0.00000,0.01265,
9.38106,1,normal,0.03373,0.00000,0.01265,
9.38502,1,normal,0.03373,0.00000,0.01265,
9.38910,1,normal,0.03373,0.00000,0.01265,
9.39320,1,normal,0.03373,0.00000,0.01265,
9.39756,1,normal,0.03373,0.00000,0.01265,
9.40210,1,normal,0.03373,0.00000,0.01265,
9.40629,1,normal,0.03373,0.00000,0.01265,
9.41033,1,normal,0.03373,0.00000,0.01265,
9.41439,1,normal,0.03373,0.00000,0.01265,
9.41897,1,normal,0.03373,0.00000,0.01265,
9.42308,1,normal,0.03373,0.00000,0.01265,
9.42738,1,normal,0.03373,0.00000,0.01265,
9.43155,1,normal,0.03373,0.00000,0.01265,
9.43587,1,normal,0.03373,0.00000,0.01265,
9.44060,1,normal,0.03373,0.00000,0.01265,
9.45323,1,normal,0.03373,0.00000,0.01265,
9.45910,1,normal,0.03373,0.00000,0.01265,
9.46338,1,normal,0.03373,0.00000,0.01265,
9.46746,1,normal,0.03373,0.00000,0.01265,
9.47187,1,normal,0.03373,0.00000,0.01265,
9.47603,1,normal,0.03373,0.00000,0.01265,
9.48047,1,normal,0.03373,0.00000,0.01265,
9.48469,1,normal,0.03373,0.00000,0.01265,
9.48869,1,normal,0.03373,0.00000,0.01265,
9.49295,1,normal,0.03373,0.00000,0.01265,
9.49698,1,normal,0.03373,0.00000,0.01265,
9.50225,1,normal,0.03373,0.00000,0.01265,
9.50659,1,normal,0.03373,0.00000,0.01265,
9.51065,1,normal,0.03373,0.00000,0.01265,
9.51489,1,normal,0.03373,0.00000,0.01265,
9.51950,1,normal,0.03373,0.00000,0.01265,
9.52358,1,normal,0.03373,0.00000,0.01265,
9.52788,1,normal,0.03373,0.00000,0.01265,
9.53228,1,normal,0.03373,0.00000,0.01265,
9.53676,1,normal,0.03373,0.00000,0.01265,
9.54185,1,normal,0.03373,0.00000,0.01265,
9.54619,1,normal,0.03373,0.00000,0.01265,
9.55869,1,normal,0.03373,0.00000,0.01265,
9.56372,1,normal,0.03373,0.00000,0.01265,
9.56800,1,normal,0.03373,0.00000,0.01265,
9.57298,1,normal,0.03373,0.00000,0.01265,
9.57730,1,normal,0.03373,0.00000,0.01265,
9.58185,1,normal,0.03373,0.00000,0.01265,
9.58587,1,normal,0.03373,0.00000,0.01265,
9.58988,1,normal,0.03373,0.00000,0.01265,
9.59396,1,normal,0.03373,0.00000,0.01265,
9.60720,1,normal,0.03373,0.00000,0.01265,
9.61156,1,normal,0.03373,0.00000,0.01265,
9.61577,1,normal,0.03373,0.00000,0.01265,
9.62039,1,normal,0.03373,0.00000,0.01265,
9.62449,1,normal,0.03373,0.00000,0.01265,
9.62845,1,normal,0.03373,0.00000,0.01265,
9.63271,1,normal,0.03373,0.00000,0.01265,
9.63697,1,normal,0.03373,0.00000,0.01265,
9.64152,1,normal,0.03373,0.00000,0.01265,
9.64559,1,normal,0.03373,0.00000,0.01265,
9.64964,1,normal,0.03373,0.00000,0.01265,
9.65380,1,normal,0.03373,0.00000,0.01265,
9.65951,1,normal,0.03373,0.00000,0.01265,
9.66376,1,normal,0.03373,0.00000,0.01265,
9.66783,1,normal,0.03373,0.00000,0.01265,
9.67200,1,normal,0.03373,0.00000,0.01265,
9.67617,1,normal,0.03373,0.00000,0.01265,
9.68077,1,normal,0.03373,0.00000,0.01265,
9.68485,1,normal,0.03373,0.00000,0.01265,
9.68885,1,normal,0.03373,0.00000,0.01265,
9.69296,1,normal,0.03373,0.00000,0.01265,
9.69699,1,normal,0.03373,0.00000,0.01265,
9.70185,1,normal,0.03373,0.00000,0.01265,
9.70595,1,normal,0.03373,0.00000,0.01265,
9.71018,1,normal,0.03373,0.00000,0.01265,
9.71427,1,normal,0.03373,0.00000,0.01265,
9.71868,1,normal,0.03373,0.00000,0.01265,
9.72257,1,normal,0.03373,0.00000,0.01265,
9.72656,1,normal,0.03373,0.00000,0.01265,
9.73067,1,normal,0.03373,0.00000,0.01265,
9.73470,1,normal,0.03373,0.00000,0.01265,
9.73986,1,normal,0.03373,0.00000,0.01265,
9.74406,1,normal,0.03373,0.00000,0.01265,
9.75651,1,normal,0.03373,0.00000,0.01265,
9.76110,1,normal,0.03373,0.00000,0.01265,
9.76528,1,normal,0.03373,0.00000,0.01265,
9.76939,1,normal,0.03373,0.00000,0.01265,
9.77403,1,normal,0.03373,0.00000,0.01265,
9.77846,1,normal,0.03373,0.00000,0.01265,
9.78249,1,normal,0.03373,0.00000,0.01265,
9.78655,1,normal,0.03373,0.00000,0.01265,
9.79056,1,normal,0.03373,0.00000,0.01265,
9.79470,1,normal,0.03373,0.00000,0.01265,
9.79926,1,normal,0.03373,0.00000,0.01265,
9.80347,1,normal,0.03373,0.00000,0.01265,
9.80759,1,normal,0.03373,0.00000,0.01265,
9.81166,1,normal,0.03373,0.00000,0.01265,
9.81577,1,normal,0.03373,0.00000,0.01265,
9.82039,1,normal,0.03373,0.00000,0.01265,
9.82447,1,normal,0.03373,0.00000,0.01265,
9.82858,1,normal,0.03373,0.00000,0.01265,
9.83284,1,normal,0.03373,0.00000,0.01265,
9.83698,1,normal,0.03373,0.00000,0.01265,
9.84151,1,normal,0.03373,0.00000,0.01265,
9.85366,1,normal,0.03373,0.00000,0.01265,
9.85895,1,normal,0.03373,0.00000,0.01265,
9.86417,1,normal,0.03373,0.00000,0.01265,
9.86818,1,normal,0.03373,0.00000,0.01265,
9.87220,1,normal,0.03373,0.00000,0.01265,
9.87641,1,normal,0.03373,0.00000,0.01265,
9.88124,1,normal,0.03373,0.00000,0.01265,
9.88572,1,normal,0.03373,0.00000,0.01265,
9.88976,1,normal,0.03373,0.00000,0.01265,
9.89387,1,normal,0.03373,0.00000,0.01265,
9.89884,1,normal,0.03373,0.00000,0.01265,
9.91172,1,normal,0.03373,0.00000,0.01265,
9.91600,1,normal,0.03373,0.00000,0.01265,
9.92067,1,normal,0.03373,0.00000,0.01265,
9.92489,1,normal,0.03373,0.00000,0.01265,
9.92940,1,normal,0.03373,0.00000,0.01265,
9.93397,1,normal,0.03373,0.00000,0.01265,
9.93879,1,normal,0.03373,0.00000,0.01265,
9.94312,1,normal,0.03373,0.00000,0.01265,
9.95590,1,normal,0.03373,0.00000,0.01265,
9.96101,1,normal,0.03373,0.00000,0.01265,
9.97357,1,normal,0.03373,0.00000,0.01265,
9.97884,1,normal,0.03373,0.00000,0.01265,
9.99101,1,normal,0.03373,0.00000,0.01265,
9.99565,1,normal,0.03373,0.00000,0.01265,
10.00051,1,normal,0.03373,0.00000,0.01265,
10.00471,1,normal,0.03373,0.00000,0.01265,
10.00886,1,normal,0.03373,0.00000,0.01265,
10.01286,1,normal,0.03373,0.00000,0.01265,
10.01707,1,normal,0.03373,0.00000,0.01265,
10.02178,1,normal,0.03373,0.00000,0.01265,
10.02610,1,normal,0.03373,0.00000,0.01265,
10.03039,1,normal,0.03373,0.00000,0.01265,
10.03456,1,normal,0.03373,0.00000,0.01265,
10.03946,1,normal,0.03373,0.00000,0.01265,
10.04344,1,normal,0.03373,0.00000,0.01265,
10.04747,1,normal,0.03373,0.00000,0.01265,
10.05171,1,normal,0.03373,0.00000,0.01265,
10.06432,1,normal,0.03373,0.00000,0.01265,
touchedTargets: 1,2,
