Left,ShoulderPos:(0.01, 0.63, 0.02),Plane:XZ,Radius:0.35
0.00000,3,normal,0.00000,0.00000,0.00000,
0.00488,3,normal,0.00000,0.00000,0.00000,
0.00955,3,normal,0.00000,0.00000,0.00000,
0.01406,3,normal,0.00000,0.00000,0.00000,
0.01827,3,normal,0.00000,0.00000,0.00000,
0.02237,3,normal,0.00000,0.00000,0.00000,
0.02616,3,normal,0.00000,0.00000,0.00000,
0.02996,3,normal,0.00000,0.00000,0.00000,
0.03444,3,normal,0.00000,0.00000,0.00000,
0.03846,3,normal,0.00000,0.00000,0.00000,
0.04237,3,normal,0.00000,0.00000,0.00000,
0.04619,3,normal,0.00000,0.00000,0.00000,
0.05169,3,normal,0.00000,0.00000,0.00000,
0.05597,3,normal,0.00000,0.00000,0.00000,
0.06003,3,normal,0.00000,0.00000,0.00000,
0.06385,3,normal,0.00000,0.00000,0.00000,
0.06782,3,normal,0.00000,0.00000,0.00000,
0.08138,3,normal,0.00000,0.00000,0.00000,
0.08561,3,normal,0.00000,0.00000,0.00000,
0.08948,3,normal,0.00000,0.00000,0.00000,
0.09396,3,normal,0.00000,0.00000,0.00000,
0.09839,3,normal,0.00000,0.00000,0.00000,
0.10234,3,normal,0.00000,0.00000,0.00000,
0.10650,3,normal,0.00000,0.00000,0.00000,
0.11103,3,normal,0.00000,0.00000,0.00000,
0.11971,3,normal,0.00000,0.00000,0.00000,
0.12447,3,normal,0.00000,0.00000,0.00000,
0.12806,3,normal,0.00000,0.00000,0.00000,
0.13217,3,normal,0.00000,0.00000,0.00000,
0.13586,3,normal,0.00000,0.00000,0.00000,
0.13971,3,normal,0.00000,0.00000,0.00000,
0.14337,3,normal,0.00000,0.00000,0.00000,
0.15157,3,normal,0.00000,0.00000,0.00000,
0.15587,3,normal,0.00000,0.00000,0.00000,
0.15955,3,normal,0.00000,0.00000,0.00000,
0.16327,3,normal,0.00000,0.00000,0.00000,
0.16699,3,normal,0.00000,0.00000,0.00000,
0.17117,3,normal,0.00000,0.00000,0.00000,
0.17484,3,normal,0.00000,0.00000,0.00000,
0.17846,3,normal,0.00000,0.00000,0.00000,
0.18461,3,normal,0.00000,0.00000,0.00000,
0.18823,3,normal,0.00000,0.00000,0.00000,
0.19227,3,normal,0.00000,0.00000,0.00000,
0.19606,3,normal,0.00000,0.00000,0.00000,
0.19999,3,normal,0.00000,0.00000,0.00000,
0.20368,3,normal,0.00000,0.00000,0.00000,
0.20750,3,normal,0.00000,0.00000,0.00000,
0.21184,3,normal,0.00000,0.00000,0.00000,
0.21790,3,normal,0.00000,0.00000,0.00000,
0.22176,3,normal,0.00000,0.00000,0.00000,
0.22554,3,normal,0.00000,0.00000,0.00000,
0.22938,3,normal,0.00000,0.00000,0.00000,
0.23366,3,normal,0.00000,0.00000,0.00000,
0.23746,3,normal,0.00000,0.00000,0.00000,
0.24131,3,normal,0.00000,0.00000,0.00000,
0.24516,3,normal,0.00000,0.00000,0.00000,
0.25117,3,normal,0.00000,0.00000,0.00000,
0.25549,3,normal,0.00000,0.00000,0.00000,
0.25931,3,normal,0.00000,0.00000,0.00000,
0.26322,3,normal,0.00000,0.00000,0.00000,
0.26715,3,normal,0.00000,0.00000,0.00000,
0.27123,3,normal,0.00000,0.00000,0.00000,
0.27512,3,normal,0.00000,0.00000,0.00000,
0.27886,3,normal,0.00000,0.00000,0.00000,
0.28446,3,normal,0.00000,0.00000,0.00000,
0.28834,3,normal,0.00000,0.00000,0.00000,
0.29264,3,normal,0.00000,0.00000,0.00000,
0.29637,3,normal,0.00000,0.00000,0.00000,
0.30036,3,normal,0.00000,0.00000,0.00000,
0.30417,3,normal,0.00000,0.00000,0.00000,
0.30788,3,normal,0.00000,0.00000,0.00000,
0.31216,3,normal,0.00000,0.00000,0.00000,
0.31812,3,normal,0.00000,0.00000,0.00000,
0.32195,3,normal,0.00000,0.00000,0.00000,
0.32555,3,normal,0.00000,0.00000,0.00000,
0.32905,3,normal,0.00000,0.00000,0.00000,
0.34153,3,normal,0.00000,0.00000,0.00000,
0.34991,3,normal,0.00000,0.00000,0.00000,
0.35423,3,normal,0.00000,0.00000,0.00000,
0.35798,3,normal,0.00000,0.00000,0.00000,
0.36181,3,normal,0.00000,0.00000,0.00000,
0.36557,3,normal,0.00000,0.00000,0.00000,
0.36926,3,normal,0.00000,0.00000,0.00000,
0.37360,3,normal,0.00000,0.00000,0.00000,
0.37725,3,normal,0.00000,0.00000,0.00000,
0.38476,3,normal,0.00000,0.00000,0.00000,
0.38865,3,normal,0.00000,0.00000,0.00000,
0.39281,3,normal,0.00000,0.00000,0.00000,
0.39647,3,normal,0.00000,0.00000,0.00000,
0.40024,3,normal,0.00000,0.00000,0.00000,
0.40394,3,normal,0.00000,0.00000,0.00000,
0.40757,3,normal,0.00000,0.00000,0.00000,
0.41176,3,normal,0.00000,0.00000,0.00000,
0.41816,3,normal,0.00000,0.00000,0.00000,
0.42196,3,normal,0.00000,0.00000,0.00000,
0.42558,3,normal,0.00000,0.00000,0.00000,
0.42937,3,normal,0.00000,0.00000,0.00000,
0.43335,3,normal,0.00000,0.00000,0.00000,
0.43706,3,normal,0.00000,0.00000,0.00000,
0.44073,3,normal,0.00000,0.00000,0.00000,
0.44434,3,normal,0.00000,0.00000,0.00000,
0.45153,3,normal,0.00000,0.00000,0.00000,
0.45604,3,normal,0.00000,0.00000,0.00000,
0.45965,3,normal,0.00000,0.00000,0.00000,
0.46327,3,normal,0.00000,0.00000,0.00000,
0.46683,3,normal,0.00000,0.00000,0.00000,
0.47085,3,normal,0.00000,0.00000,0.00000,
0.47448,3,normal,0.00000,0.00000,0.00000,
0.47814,3,normal,0.00000,0.00000,0.00000,
0.48508,3,normal,0.00000,0.00000,0.00000,
0.48875,3,normal,0.00000,0.00000,0.00000,
0.49282,3,normal,0.00000,0.00000,0.00000,
0.49648,3,normal,0.00000,0.00000,0.00000,
0.50017,3,normal,0.00000,0.00000,0.00000,
0.50396,3,normal,0.00000,0.00000,0.00000,
0.50775,3,normal,0.00000,0.00000,0.00000,
0.51185,3,normal,0.00000,0.00000,0.00000,
0.51823,3,normal,0.00000,0.00000,0.00000,
0.52185,3,normal,0.00000,0.00000,0.00000,
0.52548,3,normal,0.00000,0.00000,0.00000,
0.52921,3,normal,0.00000,0.00000,0.00000,
0.53335,3,normal,0.00000,0.00000,0.00000,
0.53708,3,normal,0.00000,0.00000,0.00000,
0.54078,3,normal,0.00000,0.00000,0.00000,
0.54425,3,normal,0.00000,0.00000,0.00000,
0.55169,3,normal,0.00000,0.00000,0.00000,
0.55574,3,normal,0.00000,0.00000,0.00000,
0.55927,3,normal,0.00000,0.00000,0.00000,
0.56298,3,normal,0.00000,0.00000,0.00000,
0.56674,3,normal,0.00000,0.00000,0.00000,
0.57092,3,normal,0.00000,0.00000,0.00000,
0.57458,3,normal,0.00000,0.00000,0.00000,
0.57825,3,normal,0.00000,0.00000,0.00000,
0.58467,3,normal,0.00000,0.00000,0.00000,
0.58834,3,normal,0.00000,0.00000,0.00000,
0.60041,3,normal,0.00000,0.00000,0.00000,
0.60430,3,normal,0.00000,0.00000,0.00000,
0.60800,3,normal,0.00000,0.00000,0.00000,
0.61204,3,normal,0.00000,0.00000,0.00000,
0.61818,3,normal,0.00000,0.00000,0.00000,
0.62185,3,normal,0.00000,0.00000,0.00000,
0.62545,3,normal,0.00000,0.00000,0.00000,
0.62907,3,normal,0.00000,0.00000,0.00000,
0.63320,3,normal,0.00000,0.00000,0.00000,
0.63695,3,normal,0.00000,0.00000,0.00000,
0.64072,3,normal,0.00000,0.00000,0.00000,
0.64435,3,normal,0.00000,0.00000,0.00000,
0.65149,3,normal,-0.00474,0.00000,0.00000,
0.65624,3,normal,-0.00888,0.00000,0.00000,
0.66037,3,normal,-0.01331,0.00000,0.00000,
0.66480,3,normal,-0.01747,0.00000,0.00000,
0.66896,3,normal,-0.02266,0.00000,0.00000,
0.67415,3,normal,-0.02687,0.00000,0.00000,
0.67837,3,normal,-0.03294,0.00000,0.00000,
0.68443,3,normal,-0.03727,0.00000,0.00000,
0.68877,3,normal,-0.04172,0.00000,0.00000,
0.69322,3,normal,-0.04586,0.00000,0.00000,
0.69735,3,normal,-0.04999,0.00000,0.00000,
0.70148,3,normal,-0.05424,0.00000,0.00000,
0.70574,3,normal,-0.05846,0.00000,0.00000,
0.70995,3,normal,-0.06672,0.00000,0.00000,
0.71822,3,normal,-0.07120,0.00000,0.00000,
0.72269,3,normal,-0.07529,0.00000,0.00000,
0.72678,3,normal,-0.08001,0.00000,0.00000,
0.73150,3,normal,-0.08407,0.00000,0.00000,
0.73556,3,normal,-0.08825,0.00000,0.00000,
0.73974,3,normal,-0.09228,0.00000,0.00000,
0.74377,3,normal,-0.10002,0.00000,0.00000,
0.75151,3,normal,-0.10460,0.00000,0.00000,
0.75609,3,normal,-0.10877,0.00000,0.00000,
0.76027,3,normal,-0.11329,0.00000,0.00000,
0.76478,3,normal,-0.11747,0.00000,0.00000,
0.76896,3,normal,-0.12210,0.00000,0.00000,
0.77359,3,normal,-0.12617,0.00000,0.00000,
0.77766,3,normal,-0.13348,0.00000,0.00000,
0.78498,3,normal,-0.13765,0.00000,0.00000,
0.78914,3,normal,-0.14259,0.00000,0.00000,
0.79408,3,normal,-0.14678,0.00000,0.00000,
0.79827,3,normal,-0.15086,0.00000,0.00000,
0.80235,3,normal,-0.15494,0.00000,0.00000,
0.80643,3,normal,-0.15947,0.00000,0.00000,
0.81097,3,normal,-0.16681,0.00000,0.00000,
0.81830,3,normal,-0.17119,0.00000,0.00000,
0.82268,3,normal,-0.17525,0.00000,0.00000,
0.82674,3,normal,-0.18000,0.00000,0.00000,
0.83149,3,normal,-0.18419,0.00000,0.00000,
0.83568,3,normal,-0.18841,0.00000,0.00000,
0.83990,3,normal,-0.19247,0.00000,0.00000,
0.84397,3,normal,-0.19962,0.00000,0.00000,
0.85111,3,normal,-0.20426,0.00000,0.00000,
0.85575,3,normal,-0.20825,0.00000,0.00000,
0.85974,3,normal,-0.21227,0.00000,0.00000,
0.86376,3,normal,-0.21643,0.00000,0.00000,
0.86792,3,normal,-0.22916,0.00000,0.00000,
0.88065,3,normal,-0.23375,0.00000,0.00000,
0.88524,3,normal,-0.23803,0.00000,0.00000,
0.88952,3,normal,-0.24255,0.00000,0.00000,
0.89404,3,normal,-0.24677,0.00000,0.00000,
0.89827,3,normal,-0.25099,0.00000,0.00000,
0.90248,3,normal,-0.25513,0.00000,0.00000,
0.90663,3,normal,-0.25976,0.00000,0.00000,
0.91125,3,normal,-0.26694,0.00000,0.00000,
0.91844,3,normal,-0.27115,0.00000,0.00000,
0.92265,3,normal,-0.27527,0.00000,0.00000,
0.92676,3,normal,-0.28065,0.00000,0.00000,
0.93214,3,normal,-0.28477,0.00000,0.00000,
0.93626,3,normal,-0.28884,0.00000,0.00000,
0.94033,3,normal,-0.29276,0.00000,0.00000,
0.94425,3,normal,-0.29974,0.00000,0.00000,
0.95123,3,normal,-0.30437,0.00000,0.00000,
0.95586,3,normal,-0.30845,0.00000,0.00000,
0.95994,3,normal,-0.31257,0.00000,0.00000,
0.96406,3,normal,-0.31673,0.00000,0.00000,
0.96822,3,normal,-0.32136,0.00000,0.00000,
0.97285,3,normal,-0.32547,0.00000,0.00000,
0.97696,3,normal,-0.33336,0.00000,0.00000,
0.98486,3,normal,-0.33725,0.00000,0.00000,
0.98874,3,normal,-0.34172,0.00000,0.00000,
0.99321,3,normal,-0.34588,0.00000,0.00000,
0.99738,3,normal,-0.35001,0.00000,0.00000,
1.00150,3,normal,-0.35396,0.00000,0.00000,
1.00545,3,normal,-0.35816,0.00000,0.00000,
1.00965,3,normal,-0.36679,0.00000,0.00000,
1.01828,3,normal,-0.36679,0.00000,0.00000,
1.02270,3,normal,-0.36679,0.00000,0.00000,
1.02671,3,normal,-0.36679,0.00000,0.00000,
1.03150,3,normal,-0.36679,0.00000,0.00000,
1.03505,3,normal,-0.36679,0.00000,0.00000,
1.03865,3,normal,-0.36679,0.00000,0.00000,
1.04237,3,normal,-0.36679,0.00000,0.00000,
1.04608,3,normal,-0.36679,0.00000,0.00000,
1.05094,3,normal,-0.36679,0.00000,0.00000,
1.05504,3,normal,-0.36679,0.00000,0.00000,
1.05862,3,normal,-0.36679,0.00000,0.00000,
1.06224,3,normal,-0.36679,0.00000,0.00000,
1.06591,3,normal,-0.36679,0.00000,0.00000,
1.06958,3,normal,-0.36679,0.00000,0.00000,
1.07368,3,normal,-0.36679,0.00000,0.00000,
1.07735,3,normal,-0.36679,0.00000,0.00000,
1.08435,3,normal,-0.36679,0.00000,0.00000,
1.08804,3,normal,-0.36679,0.00000,0.00000,
1.09224,3,normal,-0.36679,0.00000,0.00000,
1.09586,3,normal,-0.36679,0.00000,0.00000,
1.09944,3,normal,-0.36679,0.00000,0.00000,
1.10303,3,normal,-0.36679,0.00000,0.00000,
1.10663,3,normal,-0.36679,0.00000,0.00000,
1.11065,3,normal,-0.36679,0.00000,0.00000,
1.11800,3,normal,-0.36679,0.00000,0.00000,
1.12176,3,normal,-0.36679,0.00000,0.00000,
1.12538,3,normal,-0.36263,0.00000,0.00000,
1.12954,3,normal,-0.35809,0.00000,0.00000,
1.13408,3,normal,-0.35390,0.00000,0.00000,
1.13827,3,normal,-0.34987,0.00000,0.00000,
1.14231,3,normal,-0.33792,0.00000,0.00000,
1.15425,3,normal,-0.33302,0.00000,0.00000,
1.15915,3,normal,-0.32894,0.00000,0.00000,
1.16324,3,normal,-0.32483,0.00000,0.00000,
1.16734,3,normal,-0.32019,0.00000,0.00000,
1.17198,3,normal,-0.31612,0.00000,0.00000,
1.17605,3,normal,-0.31207,0.00000,0.00000,
1.18010,3,normal,-0.30770,0.00000,0.00000,
1.18447,3,normal,-0.30311,0.00000,0.00000,
1.18906,3,normal,-0.29664,0.00000,0.00000,
1.19553,3,normal,-0.29261,0.00000,0.00000,
1.19957,3,normal,-0.28862,0.00000,0.00000,
1.20355,3,normal,-0.28465,0.00000,0.00000,
1.20752,3,normal,-0.28031,0.00000,0.00000,
1.21186,3,normal,-0.27420,0.00000,0.00000,
1.21797,3,normal,-0.27011,0.00000,0.00000,
1.22206,3,normal,-0.26610,0.00000,0.00000,
1.22607,3,normal,-0.26210,0.00000,0.00000,
1.23007,3,normal,-0.25781,0.00000,0.00000,
1.23436,3,normal,-0.25381,0.00000,0.00000,
1.23836,3,normal,-0.24971,0.00000,0.00000,
1.24246,3,normal,-0.24572,0.00000,0.00000,
1.24645,3,normal,-0.24072,0.00000,0.00000,
1.25145,3,normal,-0.23681,0.00000,0.00000,
1.25536,3,normal,-0.23282,0.00000,0.00000,
1.25935,3,normal,-0.22882,0.00000,0.00000,
1.26335,3,normal,-0.22480,0.00000,0.00000,
1.26737,3,normal,-0.22062,0.00000,0.00000,
1.27155,3,normal,-0.21653,0.00000,0.00000,
1.27564,3,normal,-0.21241,0.00000,0.00000,
1.27977,3,normal,-0.20760,0.00000,0.00000,
1.28457,3,normal,-0.20351,0.00000,0.00000,
1.28866,3,normal,-0.19911,0.00000,0.00000,
1.29306,3,normal,-0.19500,0.00000,0.00000,
1.29717,3,normal,-0.19086,0.00000,0.00000,
1.30131,3,normal,-0.18660,0.00000,0.00000,
1.30557,3,normal,-0.18256,0.00000,0.00000,
1.30961,3,normal,-0.17800,0.00000,0.00000,
1.31417,3,normal,-0.17292,0.00000,0.00000,
1.31925,3,normal,-0.16888,0.00000,0.00000,
1.32330,3,normal,-0.16473,0.00000,0.00000,
1.32744,3,normal,-0.15731,0.00000,0.00000,
1.33486,3,normal,-0.15283,0.00000,0.00000,
1.33934,3,normal,-0.14752,0.00000,0.00000,
1.34465,3,normal,-0.14078,0.00000,0.00000,
1.35139,3,normal,-0.13618,0.00000,0.00000,
1.35600,3,normal,-0.13223,0.00000,0.00000,
1.35994,3,normal,-0.12820,0.00000,0.00000,
1.36397,3,normal,-0.12391,0.00000,0.00000,
1.36826,3,normal,-0.11918,0.00000,0.00000,
1.37299,3,normal,-0.11508,0.00000,0.00000,
1.37709,3,normal,-0.10733,0.00000,0.00000,
1.38485,3,normal,-0.10310,0.00000,0.00000,
1.38907,3,normal,-0.09838,0.00000,0.00000,
1.39380,3,normal,-0.09418,0.00000,0.00000,
1.39799,3,normal,-0.09001,0.00000,0.00000,
1.40216,3,normal,-0.08574,0.00000,0.00000,
1.40643,3,normal,-0.08111,0.00000,0.00000,
1.41106,3,normal,-0.07411,0.00000,0.00000,
1.41806,3,normal,-0.06982,0.00000,0.00000,
1.42235,3,normal,-0.05923,0.00000,0.00000,
1.43294,3,normal,-0.05035,0.00000,0.00000,
1.44182,3,normal,-0.04166,0.00000,0.00000,
1.45051,3,normal,-0.03669,0.00000,0.00000,
1.45548,3,normal,-0.03248,0.00000,0.00000,
1.45969,3,normal,-0.02834,0.00000,0.00000,
1.46383,3,normal,-0.02416,0.00000,0.00000,
1.46801,3,normal,-0.01939,0.00000,0.00000,
1.47278,3,normal,-0.01533,0.00000,0.00000,
1.47684,3,normal,-0.00670,0.00000,0.00000,
1.48547,3,normal,-0.00252,0.00000,0.00000,
1.48966,3,normal,0.00206,0.00000,0.00000,
1.49423,3,normal,0.00611,0.00000,0.00000,
1.49828,3,normal,0.01008,0.00000,0.00000,
1.50225,3,normal,0.01423,0.00000,0.00000,
1.50640,3,normal,0.01869,0.00000,0.00000,
1.51087,3,normal,0.02572,0.00000,0.00000,
1.51789,3,normal,0.02989,0.00000,0.00000,
1.52206,3,normal,0.03412,0.00000,0.00000,
1.52629,3,normal,0.03827,0.00000,0.00000,
1.53044,3,normal,0.03827,0.00000,0.00000,
1.53589,3,normal,0.03827,0.00000,0.00000,
1.53997,3,normal,0.03827,0.00000,0.00000,
1.54387,3,normal,0.03827,0.00000,0.00000,
1.55129,3,normal,0.03827,0.00000,0.00000,
1.55574,3,normal,0.03827,0.00000,0.00000,
1.55954,3,normal,0.03827,0.00000,0.00000,
1.56349,3,normal,0.03827,0.00000,0.00000,
1.56746,3,normal,0.03827,0.00000,0.00000,
1.57187,3,normal,0.03827,0.00000,0.00000,
1.57577,3,normal,0.03827,0.00000,0.00000,
1.57966,3,normal,0.03827,0.00000,0.00000,
1.58450,3,normal,0.03827,0.00000,0.00000,
1.58857,3,normal,0.03827,0.00000,0.00000,
1.59288,3,normal,0.03827,0.00000,0.00000,
1.59676,3,normal,0.03827,0.00000,0.00000,
1.60063,3,normal,0.03827,0.00000,0.00000,
1.60468,3,normal,0.03827,0.00000,0.00000,
1.60859,3,normal,0.03827,0.00000,0.00000,
1.61298,3,normal,0.03827,0.00000,0.00000,
1.61791,3,normal,0.03827,0.00000,0.00000,
1.62175,3,normal,0.03827,0.00000,0.00000,
1.62558,3,normal,0.03827,0.00000,0.00000,
1.62944,3,normal,0.03827,0.00000,0.00000,
1.63364,3,normal,0.03827,0.00000,0.00000,
1.63754,3,normal,0.03827,0.00000,0.00000,
1.64125,3,normal,0.03827,0.00000,0.00000,
1.64485,3,normal,0.03827,0.00000,0.00000,
1.65253,3,normal,0.03827,0.00000,0.00000,
1.65737,3,normal,0.03827,0.00000,0.00000,
1.66115,3,normal,0.03827,0.00000,0.00000,
1.66480,3,normal,0.03827,0.00000,0.00000,
1.66866,3,normal,0.03827,0.00000,0.00000,
1.67313,3,normal,0.03827,0.00000,0.00000,
1.67697,3,normal,0.03827,0.00000,0.00000,
1.68466,3,normal,0.03827,0.00000,0.00000,
1.68840,3,normal,0.03827,0.00000,0.00000,
1.70000,3,normal,0.03827,0.00000,0.00000,
1.70408,3,normal,0.03827,0.00000,0.00000,
1.70787,3,normal,0.03827,0.00000,0.00000,
1.71215,3,normal,0.03827,0.00000,0.00000,
1.71817,3,normal,0.03827,0.00000,0.00000,
1.72187,3,normal,0.03827,0.00000,0.00000,
1.72657,3,normal,0.03827,0.00000,0.00000,
1.73089,3,normal,0.03827,0.00000,0.00000,
1.73460,3,normal,0.03827,0.00000,0.00000,
1.73837,3,normal,0.03827,0.00000,0.00000,
1.74209,3,normal,0.03827,0.00000,0.00000,
1.74575,3,normal,0.03827,0.00000,0.00000,
1.75152,3,normal,0.03827,0.00000,0.00000,
1.75901,3,normal,0.03827,0.00000,0.00000,
1.76285,3,normal,0.03827,0.00000,0.00000,
1.76690,3,normal,0.03827,0.00000,0.00000,
1.77146,3,normal,0.03827,0.00000,0.00000,
1.77516,3,normal,0.03827,0.00000,0.00000,
1.77896,3,normal,0.03827,0.00000,0.00000,
1.78495,3,normal,0.03827,0.00000,0.00000,
1.78893,3,normal,0.03827,0.00000,0.00000,
1.79309,3,normal,0.03827,0.00000,0.00000,
1.79691,3,normal,0.03827,0.00000,0.00000,
1.80062,3,normal,0.03827,0.00000,0.00000,
1.80424,3,normal,0.03827,0.00000,0.00000,
1.80805,3,normal,0.03827,0.00000,0.00000,
1.81213,3,normal,0.03827,0.00000,0.00000,
1.81762,3,normal,0.03827,0.00000,0.00000,
1.82147,3,normal,0.03827,0.00000,0.00000,
1.82511,3,normal,0.03827,0.00000,0.00000,
1.82877,3,normal,0.03827,0.00000,0.00000,
1.83310,3,normal,0.03827,0.00000,0.00000,
1.83696,3,normal,0.03827,0.00000,0.00000,
1.84075,3,normal,0.03827,0.00000,0.00000,
1.84445,3,normal,0.03827,0.00000,0.00000,
1.85136,3,normal,0.03827,0.00000,0.00000,
1.85550,3,normal,0.03827,0.00000,0.00000,
1.85913,3,normal,0.03827,0.00000,0.00000,
1.86275,3,normal,0.03827,0.00000,0.00000,
1.86647,3,normal,0.03827,0.00000,0.00000,
1.87055,3,normal,0.03827,0.00000,0.00000,
1.87421,3,normal,0.03827,0.00000,0.00000,
1.87779,3,normal,0.03827,0.00000,0.00000,
1.88446,3,normal,0.03827,0.00000,0.00000,
1.88827,3,normal,0.03827,0.00000,0.00000,
1.89282,3,normal,0.03827,0.00000,0.00000,
1.89655,3,normal,0.03827,0.00000,0.00000,
1.90026,3,normal,0.03827,0.00000,0.00000,
1.90385,3,normal,0.03827,0.00000,0.00000,
1.90764,3,normal,0.03827,0.00000,0.00000,
1.91177,3,normal,0.03827,0.00000,0.00000,
1.91781,3,normal,0.03827,0.00000,0.00000,
1.92155,3,normal,0.03827,0.00000,0.00000,
1.92514,3,normal,0.03827,0.00000,0.00000,
1.92887,3,normal,0.03827,0.00000,0.00000,
1.94043,3,normal,0.03827,0.00000,0.00000,
1.94436,3,normal,0.03827,0.00000,0.00000,
1.95155,3,normal,0.03827,0.00000,0.00000,
1.95574,3,normal,0.03827,0.00000,0.00000,
1.95934,3,normal,0.03827,0.00000,0.00000,
1.96309,3,normal,0.03827,0.00000,0.00000,
1.96676,3,normal,0.03827,0.00000,0.00000,
1.97095,3,normal,0.03827,0.00000,0.00000,
1.97458,3,normal,0.03827,0.00000,0.00000,
1.97845,3,normal,0.03827,0.00000,0.00000,
1.98482,3,normal,0.03827,0.00000,0.00000,
1.98856,3,normal,0.03827,0.00000,0.00000,
1.99379,3,normal,0.03827,0.00000,0.00000,
1.99758,3,normal,0.03827,0.00000,0.00000,
2.00132,3,normal,0.03827,0.00000,0.00000,
2.00494,3,normal,0.03827,0.00000,0.00000,
2.00860,3,normal,0.03827,0.00000,0.00000,
2.01286,3,normal,0.03827,0.00000,0.00000,
2.01804,3,normal,0.03827,0.00000,0.00000,
2.02176,3,normal,0.03827,0.00000,0.00000,
2.02537,3,normal,0.03827,0.00000,0.00000,
2.02905,3,normal,0.03827,0.00000,0.00000,
2.03320,3,normal,0.03827,0.00000,0.00000,
2.03686,3,normal,0.03827,0.00000,0.00000,
2.04050,3,normal,0.03827,0.00000,0.00000,
2.04417,3,normal,0.03827,0.00000,0.00000,
2.05154,3,normal,0.03827,0.00000,0.00000,
2.05628,3,normal,0.03827,0.00000,0.00000,
2.05973,3,normal,0.03827,0.00000,0.00000,
2.06323,3,normal,0.03827,0.00000,0.00000,
2.06677,3,normal,0.03827,0.00000,0.00000,
2.07084,3,normal,0.03827,0.00000,0.00000,
2.07437,3,normal,0.03827,0.00000,0.00000,
2.07796,3,normal,0.03827,0.00000,0.00000,
2.08448,3,normal,0.03827,0.00000,0.00000,
2.08818,3,normal,0.03827,0.00000,0.00000,
2.09229,3,normal,0.03827,0.00000,0.00000,
2.09610,3,normal,0.03827,0.00000,0.00000,
2.09985,3,normal,0.03827,0.00000,0.00000,
2.10355,3,normal,0.03827,0.00000,0.00000,
2.10717,3,normal,0.03827,0.00000,0.00000,
2.11127,3,normal,0.03827,0.00000,0.00000,
2.11828,3,normal,0.03827,0.00000,0.00000,
2.12186,3,normal,0.03827,0.00000,0.00000,
2.12554,3,normal,0.03827,0.00000,0.00000,
2.12905,3,normal,0.03827,0.00000,0.00000,
2.13338,3,normal,0.03827,0.00000,0.00000,
2.13714,3,normal,0.03827,0.00000,0.00000,
2.14077,3,normal,0.03827,0.00000,0.00000,
2.14448,3,normal,0.03827,0.00000,0.00000,
2.15116,3,normal,0.03827,0.00000,0.00000,
2.15558,3,normal,0.03827,0.00000,0.00000,
2.15928,3,normal,0.03827,0.00000,0.00000,
2.16284,3,normal,0.03827,0.00000,0.00000,
2.16665,3,normal,0.03827,0.00000,0.00000,
2.17834,3,normal,0.03827,0.00000,0.00000,
2.18227,3,normal,0.03827,0.00000,0.00000,
2.18604,3,normal,0.03827,0.00000,0.00000,
2.18974,3,normal,0.03827,0.00000,0.00000,
2.19427,3,normal,0.03827,0.00000,0.00000,
2.19787,3,normal,0.03827,0.00000,0.00000,
2.20142,3,normal,0.03827,0.00000,0.00000,
2.20509,3,normal,0.03827,0.00000,0.00000,
2.20883,3,normal,0.03827,0.00000,0.00000,
2.21315,3,normal,0.03827,0.00000,0.00000,
2.21794,3,normal,0.03827,0.00000,0.00000,
2.22175,3,normal,0.03827,0.00000,0.00000,
2.22535,3,normal,0.03827,0.00000,0.00000,
2.22896,3,normal,0.03827,0.00000,0.00000,
2.23403,8,normal,0.03827,0.00000,0.00000,
2.23933,8,normal,0.03827,0.00000,0.00000,
2.24375,8,normal,0.03827,0.00000,0.00000,
2.24796,8,normal,0.03827,0.00000,0.00000,
2.25201,8,normal,0.03827,0.00000,0.00000,
2.25765,8,normal,0.03827,0.00000,0.00000,
2.26228,8,normal,0.03827,0.00000,0.00000,
2.26590,8,normal,0.03827,0.00000,0.00000,
2.26960,8,normal,0.03827,0.00000,0.00000,
2.27350,8,normal,0.03827,0.00000,0.00000,
2.28650,8,normal,0.03827,0.00000,0.00000,
2.29074,8,normal,0.03827,0.00000,0.00000,
2.29488,8,normal,0.03827,0.00000,0.00000,
2.29843,8,normal,0.03827,0.00000,0.00000,
2.30192,8,normal,0.03827,0.00000,0.00000,
2.30548,8,normal,0.03827,0.00000,0.00000,
2.30924,8,normal,0.03827,0.00000,0.00000,
2.31406,8,normal,0.03827,0.00000,0.00000,
2.31764,8,normal,0.03827,0.00000,0.00000,
2.32139,8,normal,0.03827,0.00000,0.00000,
2.32530,8,normal,0.03827,0.00000,0.00000,
2.32904,8,normal,0.03827,0.00000,0.00000,
2.33251,8,normal,0.03827,0.00000,0.00000,
2.33651,8,normal,0.03827,0.00000,0.00000,
2.34004,8,normal,0.03827,0.00000,0.00000,
2.34782,8,normal,0.03827,0.00000,0.00000,
2.35146,8,normal,0.03827,0.00000,0.00000,
2.35559,8,normal,0.03827,0.00000,0.00000,
2.35923,8,normal,0.03827,0.00000,0.00000,
2.36290,8,normal,0.03827,0.00000,0.00000,
2.36653,8,normal,0.03827,0.00000,0.00000,
2.37013,8,normal,0.03827,0.00000,0.00000,
2.37418,8,normal,0.03827,0.00000,0.00000,
2.38115,8,normal,0.03827,0.00000,0.00000,
2.38495,8,normal,0.03827,0.00000,0.00000,
2.38855,8,normal,0.03827,0.00000,0.00000,
2.39223,8,normal,0.03827,0.00000,0.00000,
2.39619,8,normal,0.03827,0.00000,0.00000,
2.39995,8,normal,0.03827,0.00000,0.00000,
2.40375,8,normal,0.03827,0.00000,0.00000,
2.40733,8,normal,0.03827,0.00000,0.00000,
2.41432,8,normal,0.03827,0.00000,0.00000,
2.41834,8,normal,0.03827,0.00000,0.00000,
2.42195,8,normal,0.03827,0.00000,0.00000,
2.42554,8,normal,0.03827,0.00000,0.00000,
2.42916,8,normal,0.03827,0.00000,0.00000,
2.43282,8,normal,0.03827,0.00000,0.00000,
2.43693,8,normal,0.03827,0.00000,0.00000,
2.44054,8,normal,0.03827,0.00000,0.00000,
2.44773,8,normal,0.03827,0.00000,0.00000,
2.45146,8,normal,0.03827,0.00000,0.00000,
2.45553,8,normal,0.03827,0.00000,0.00000,
2.45913,8,normal,0.03827,0.00000,0.00000,
2.46273,8,normal,0.03827,0.00000,0.00000,
2.46642,8,normal,0.03827,0.00000,0.00000,
2.46996,8,normal,0.03827,0.00000,0.00000,
2.47414,8,normal,0.03827,0.00000,0.00000,
2.48110,8,normal,0.03827,0.00000,0.00000,
2.48487,8,normal,0.03827,0.00000,0.00000,
2.48858,8,normal,0.03827,0.00000,0.00000,
2.49244,8,normal,0.03827,0.00000,0.00000,
2.49668,8,normal,0.03827,0.00000,0.00000,
2.50033,8,normal,0.03827,0.00000,0.00000,
2.50408,8,normal,0.03827,0.00000,0.00000,
2.50775,8,normal,0.03827,0.00000,0.00000,
2.51379,8,normal,0.03827,0.00000,0.00000,
2.51794,8,normal,0.03827,0.00000,0.00000,
2.52152,8,normal,0.03827,0.00000,0.00000,
2.53336,8,normal,0.03827,0.00000,0.00000,
2.53795,8,normal,0.03827,0.00000,0.00000,
2.54167,8,normal,0.03827,0.00000,0.00000,
2.54719,8,normal,0.03827,0.00000,0.00000,
2.55084,8,normal,0.03827,0.00000,0.00000,
2.55566,8,normal,0.03827,0.00000,0.00000,
2.55932,8,normal,0.03827,0.00000,0.00000,
2.56287,8,normal,0.03827,0.00000,0.00000,
2.56662,8,normal,0.03827,0.00000,0.00000,
2.57025,8,normal,0.03827,0.00000,0.00000,
2.57433,8,normal,0.03827,0.00000,0.00000,
2.58116,8,normal,0.03827,0.00000,0.00000,
2.58483,8,normal,0.03827,0.00000,0.00000,
2.58843,8,normal,0.03827,0.00000,0.00000,
2.59215,8,normal,0.03827,0.00000,0.00000,
2.59618,8,normal,0.03827,0.00000,0.00000,
2.59992,8,normal,0.03827,0.00000,0.00000,
2.60354,8,normal,0.03827,0.00000,0.00000,
2.60733,8,normal,0.03827,0.00000,0.00000,
2.61461,8,normal,0.03827,0.00000,0.00000,
2.61889,8,normal,0.03827,0.00000,0.00000,
2.62263,8,normal,0.03827,0.00000,0.00000,
2.62636,8,normal,0.03827,0.00000,0.00000,
2.62998,8,normal,0.03827,0.00000,0.00000,
2.63404,8,normal,0.03827,0.00000,0.00000,
2.63766,8,normal,0.03827,0.00000,0.00000,
2.64124,8,normal,0.03827,0.00000,0.00000,
2.64767,8,normal,0.03827,0.00000,0.00000,
2.65133,8,normal,0.03827,0.00000,0.00000,
2.65541,8,normal,0.03827,0.00000,0.00000,
2.65906,8,normal,0.03827,0.00000,0.00000,
2.66270,8,normal,0.03827,0.00000,0.00000,
2.66641,8,normal,0.03827,0.00000,0.00000,
2.66998,8,normal,0.03827,0.00000,0.00000,
2.67413,8,normal,0.03827,0.00000,0.00000,
2.68110,8,normal,0.03827,0.00000,0.00000,
2.68471,8,normal,0.03827,0.00000,0.00000,
2.68833,8,normal,0.03827,0.00000,0.00000,
2.69186,8,normal,0.03827,0.00000,0.00000,
2.69593,8,normal,0.03827,0.00000,0.00000,
2.69963,8,normal,0.03827,0.00000,0.00000,
2.70325,8,normal,0.03827,0.00000,0.00000,
2.70698,8,normal,0.03827,0.00000,0.00000,
2.71443,8,normal,0.03827,0.00000,0.00000,
2.71896,8,normal,0.03827,0.00000,0.00000,
2.72274,8,normal,0.03827,0.00000,0.00000,
2.72653,8,normal,0.03827,0.00000,0.00000,
2.73018,8,normal,0.03827,0.00000,0.00000,
2.73422,8,normal,0.03827,0.00000,0.00000,
2.73775,8,normal,0.03827,0.00000,0.00000,
2.74152,8,normal,0.03827,0.00000,0.00000,
2.74759,8,normal,0.03827,0.00000,0.00000,
2.75125,8,normal,0.03827,0.00000,0.00000,
2.75523,8,normal,0.03827,0.00000,0.00000,
2.75882,8,normal,0.03827,0.00000,0.00000,
2.76250,8,normal,0.03827,0.00000,0.00000,
2.76622,8,normal,0.03827,0.00000,0.00000,
2.76999,8,normal,0.03827,0.00000,0.00000,
2.78214,8,normal,0.03827,0.00000,0.00000,
2.78659,8,normal,0.03827,0.00000,0.00000,
2.79045,8,normal,0.03827,0.00000,0.00000,
2.79470,8,normal,0.03827,0.00000,0.00000,
2.79863,8,normal,0.03827,0.00000,0.00000,
2.80257,8,normal,0.03827,0.00000,0.00000,
2.80632,8,normal,0.03827,0.00000,0.00000,
2.81002,8,normal,0.03827,0.00000,0.00000,
2.81447,8,normal,0.03827,0.00000,0.00000,
2.81814,8,normal,0.03827,0.00000,0.00000,
2.82203,8,normal,0.03827,0.00000,0.00000,
2.82587,8,normal,0.03827,0.00000,0.00000,
2.82969,8,normal,0.03827,0.00000,0.00000,
2.83395,8,normal,0.03827,0.00000,0.00000,
2.83781,8,normal,0.03827,0.00000,0.00000,
2.84162,8,normal,0.03827,0.00000,0.00000,
2.84537,8,normal,0.03827,0.00000,0.00000,
2.84905,8,normal,0.03827,0.00000,0.00000,
2.85278,8,normal,0.03827,0.00000,0.00000,
2.85710,8,normal,0.03827,0.00000,0.00000,
2.86103,8,normal,0.03827,0.00000,0.00000,
2.86484,8,normal,0.03827,0.00000,0.00000,
2.86874,8,normal,0.03827,0.00000,0.00000,
2.87254,8,normal,0.03827,0.00000,0.00000,
2.87743,8,normal,0.03827,0.00000,0.00000,
2.88123,8,normal,0.03827,0.00000,0.00000,
2.88506,8,normal,0.03827,0.00000,0.00000,
2.88882,8,normal,0.03827,0.00000,0.00000,
2.89252,8,normal,0.03827,0.00000,0.00000,
2.89665,8,normal,0.03827,0.00000,0.00000,
2.90045,8,normal,0.03827,0.00000,0.00000,
2.90407,8,normal,0.03827,0.00000,0.00000,
2.90776,8,normal,0.03827,0.00000,0.00000,
2.91150,8,normal,0.03827,0.00000,0.00000,
2.91553,8,normal,0.03827,0.00000,0.00000,
2.91925,8,normal,0.03827,0.00000,0.00000,
2.92302,8,normal,0.03827,0.00000,0.00000,
2.92675,8,normal,0.03827,0.00000,0.00000,
2.93053,8,normal,0.03827,0.00000,0.00000,
2.93462,8,normal,0.03827,0.00000,0.00000,
2.93950,8,normal,0.03827,0.00000,0.00000,
2.94315,8,normal,0.03827,0.00000,0.00000,
2.94685,8,normal,0.03827,0.00000,0.00000,
2.95041,8,normal,0.03827,0.00000,0.00000,
2.95447,8,normal,0.04245,0.00000,0.00000,
2.95866,8,normal,0.04653,0.00000,0.00000,
2.96274,8,normal,0.05065,0.00000,0.00000,
2.96685,8,normal,0.05465,0.00000,0.00000,
2.97085,8,normal,0.05935,0.00000,0.00000,
2.97555,8,normal,0.06354,0.00000,0.00000,
2.97974,8,normal,0.06752,0.00000,0.00000,
2.98372,8,normal,0.07155,0.00000,0.00000,
2.98775,8,normal,0.07576,0.00000,0.00000,
2.99196,8,normal,0.08034,0.00000,0.00000,
2.99654,8,normal,0.08454,0.00000,0.00000,
3.00075,8,normal,0.08875,0.00000,0.00000,
3.00495,8,normal,0.09288,0.00000,0.00000,
3.00909,8,normal,0.09685,0.00000,0.00000,
3.01305,8,normal,0.10982,0.00000,0.00000,
3.02602,8,normal,0.11426,0.00000,0.00000,
3.03046,8,normal,0.11885,0.00000,0.00000,
3.03506,8,normal,0.12293,0.00000,0.00000,
3.03913,8,normal,0.12692,0.00000,0.00000,
3.04313,8,normal,0.13091,0.00000,0.00000,
3.04711,8,normal,0.13502,0.00000,0.00000,
3.05122,8,normal,0.13502,0.00000,0.00000,
3.05623,8,normal,0.13502,0.00000,0.00000,
3.06007,8,normal,0.13502,0.00000,0.00000,
3.06387,8,normal,0.13502,0.00000,0.00000,
3.06751,8,normal,0.13502,0.00000,0.00000,
3.07121,8,normal,0.13502,0.00000,0.00000,
3.07523,8,normal,0.13502,0.00000,0.00000,
3.07883,8,normal,0.13502,0.00000,-0.00415,
3.08298,8,normal,0.13502,0.00000,-0.00834,
3.08717,8,normal,0.13502,0.00000,-0.01249,
3.09132,8,normal,0.13502,0.00000,-0.01708,
3.09591,8,normal,0.13502,0.00000,-0.02109,
3.09993,8,normal,0.13502,0.00000,-0.02512,
3.10395,8,normal,0.13502,0.00000,-0.02913,
3.10796,8,normal,0.13502,0.00000,-0.03316,
3.11200,8,normal,0.13502,0.00000,-0.03819,
3.11702,8,normal,0.13502,0.00000,-0.04234,
3.12117,8,normal,0.13502,0.00000,-0.04628,
3.12511,8,normal,0.13502,0.00000,-0.05036,
3.12919,8,normal,0.13502,0.00000,-0.05453,
3.13336,8,normal,0.13502,0.00000,-0.05914,
3.13797,8,normal,0.13502,0.00000,-0.06319,
3.14203,8,normal,0.13502,0.00000,-0.06729,
3.14612,8,normal,0.13502,0.00000,-0.07129,
3.15012,8,normal,0.13502,0.00000,-0.07129,
3.15498,8,normal,0.13502,0.00000,-0.07129,
3.15883,8,normal,0.13502,0.00000,-0.07129,
3.16238,8,normal,0.13502,0.00000,-0.07129,
3.16580,8,normal,0.13502,0.00000,-0.07129,
3.16949,8,normal,0.13502,0.00000,-0.07129,
3.17360,8,normal,0.13502,0.00000,-0.07129,
3.17761,8,normal,0.13502,0.00000,-0.07129,
3.18135,8,normal,0.13502,0.00000,-0.07129,
3.18501,8,normal,0.13906,0.00000,-0.07129,
3.18905,8,normal,0.14304,0.00000,-0.07129,
3.19303,8,normal,0.14758,0.00000,-0.07129,
3.19758,8,normal,0.15161,0.00000,-0.07129,
3.20161,8,normal,0.15574,0.00000,-0.07129,
3.20574,8,normal,0.15975,0.00000,-0.07129,
3.20975,8,normal,0.16448,0.00000,-0.07129,
3.21448,8,normal,0.16824,0.00000,-0.07129,
3.21824,8,normal,0.17215,0.00000,-0.07129,
3.22214,8,normal,0.17601,0.00000,-0.07129,
3.22601,8,normal,0.18002,0.00000,-0.07129,
3.23002,8,normal,0.18443,0.00000,-0.07129,
3.23443,8,normal,0.18865,0.00000,-0.07129,
3.23865,8,normal,0.19274,0.00000,-0.07129,
3.24274,8,normal,0.19686,0.00000,-0.07129,
3.24686,8,normal,0.20094,0.00000,-0.07129,
3.25094,8,normal,0.20556,0.00000,-0.07129,
3.25556,8,normal,0.20556,0.00000,-0.07596,
3.26023,8,normal,0.20556,0.00000,-0.08778,
3.27204,8,normal,0.20556,0.00000,-0.09271,
3.27698,8,normal,0.20556,0.00000,-0.09677,
3.28103,8,normal,0.20556,0.00000,-0.10086,
3.28513,8,normal,0.20556,0.00000,-0.10495,
3.28922,8,normal,0.20556,0.00000,-0.10939,
3.29366,8,normal,0.20556,0.00000,-0.11346,
3.29773,8,normal,0.20556,0.00000,-0.11756,
3.30183,8,normal,0.20556,0.00000,-0.12160,
3.30586,8,normal,0.20556,0.00000,-0.12570,
3.30997,8,normal,0.20556,0.00000,-0.13031,
3.31457,8,normal,0.20556,0.00000,-0.13428,
3.31855,8,normal,0.20556,0.00000,-0.13855,
3.32282,8,normal,0.20556,0.00000,-0.14267,
3.32693,8,normal,0.20556,0.00000,-0.14668,
3.33095,8,normal,0.20556,0.00000,-0.14668,
3.33575,8,normal,0.20556,0.00000,-0.14668,
3.33954,8,normal,0.20556,0.00000,-0.14668,
3.34315,8,normal,0.20556,0.00000,-0.14668,
3.34690,8,normal,0.20556,0.00000,-0.14668,
3.35052,8,normal,0.20556,0.00000,-0.14668,
3.35566,8,normal,0.20556,0.00000,-0.14668,
3.35942,8,normal,0.20556,0.00000,-0.14668,
3.36312,8,normal,0.20988,0.00000,-0.14668,
3.36745,8,normal,0.21398,0.00000,-0.14668,
3.37154,8,normal,0.21858,0.00000,-0.14668,
3.37614,8,normal,0.22271,0.00000,-0.14668,
3.38028,8,normal,0.22678,0.00000,-0.14668,
3.38434,8,normal,0.23175,0.00000,-0.14668,
3.38932,8,normal,0.23636,0.00000,-0.14668,
3.39392,8,normal,0.24037,0.00000,-0.14668,
3.39794,8,normal,0.24445,0.00000,-0.14668,
3.40201,8,normal,0.24853,0.00000,-0.14668,
3.40610,8,normal,0.25257,0.00000,-0.14668,
3.41013,8,normal,0.25709,0.00000,-0.14668,
3.41465,8,normal,0.26524,0.00000,-0.14668,
3.42281,8,normal,0.26524,0.00000,-0.14668,
3.42724,8,normal,0.26524,0.00000,-0.14668,
3.43112,8,normal,0.26524,0.00000,-0.15123,
3.43566,8,normal,0.26524,0.00000,-0.15518,
3.43962,8,normal,0.26524,0.00000,-0.15929,
3.44373,8,normal,0.26524,0.00000,-0.16324,
3.44768,8,normal,0.26524,0.00000,-0.17167,
3.45611,8,normal,0.26524,0.00000,-0.17651,
3.46094,8,normal,0.26524,0.00000,-0.18053,
3.46497,8,normal,0.26524,0.00000,-0.18486,
3.46930,8,normal,0.26524,0.00000,-0.18922,
3.47366,8,normal,0.26524,0.00000,-0.19316,
3.47760,8,normal,0.26524,0.00000,-0.19708,
3.48151,8,normal,0.26524,0.00000,-0.20505,
3.48948,8,normal,0.26524,0.00000,-0.20943,
3.49387,8,normal,0.26524,0.00000,-0.21349,
3.49793,8,normal,0.26524,0.00000,-0.21750,
3.50193,8,normal,0.26524,0.00000,-0.22161,
3.50605,8,normal,0.26524,0.00000,-0.22559,
3.51003,8,normal,0.26524,0.00000,-0.23006,
3.51450,8,normal,0.26524,0.00000,-0.23006,
3.51890,8,normal,0.26524,0.00000,-0.23006,
3.52263,8,normal,0.26524,0.00000,-0.23006,
3.53385,8,normal,0.26524,0.00000,-0.23006,
3.53829,8,normal,0.26524,0.00000,-0.23006,
3.54206,8,normal,0.26524,0.00000,-0.23006,
3.54560,8,normal,0.26524,0.00000,-0.23006,
3.55447,8,normal,0.26524,0.00000,-0.23006,
3.55864,8,normal,0.26524,0.00000,-0.23006,
3.56237,8,normal,0.26524,0.00000,-0.23006,
3.56594,8,normal,0.26524,0.00000,-0.23006,
3.56958,8,normal,0.26524,0.00000,-0.23006,
3.57372,8,normal,0.26524,0.00000,-0.23006,
3.57760,8,normal,0.26524,0.00000,-0.23006,
3.58125,8,normal,0.26524,0.00000,-0.23006,
3.58947,8,normal,0.26524,0.00000,-0.23006,
3.59393,8,normal,0.26524,0.00000,-0.23006,
3.59762,8,normal,0.26524,0.00000,-0.23006,
3.60124,8,normal,0.26524,0.00000,-0.23006,
3.60486,8,normal,0.26524,0.00000,-0.23006,
3.60852,8,normal,0.26524,0.00000,-0.23006,
3.61220,8,normal,0.26524,0.00000,-0.23006,
3.61639,8,normal,0.26524,0.00000,-0.23006,
3.62281,8,normal,0.26524,0.00000,-0.23006,
3.62653,8,normal,0.26524,0.00000,-0.23006,
3.63021,8,normal,0.26524,0.00000,-0.23006,
3.63425,8,normal,0.26524,0.00000,-0.23006,
3.63800,8,normal,0.26524,0.00000,-0.23006,
3.64185,8,normal,0.26524,0.00000,-0.23006,
3.64550,8,normal,0.26524,0.00000,-0.23006,
3.64924,8,normal,0.26524,0.00000,-0.23006,
3.65548,8,normal,0.26524,0.00000,-0.23006,
3.65916,8,normal,0.26524,0.00000,-0.23006,
3.66279,8,normal,0.26524,0.00000,-0.23006,
3.66642,8,normal,0.26103,0.00000,-0.23006,
3.67064,8,normal,0.25652,0.00000,-0.23006,
3.67514,8,normal,0.25240,0.00000,-0.23006,
3.67926,8,normal,0.24821,0.00000,-0.23006,
3.68345,8,normal,0.24211,0.00000,-0.23006,
3.68955,8,normal,0.23727,0.00000,-0.23006,
3.69439,8,normal,0.23323,0.00000,-0.23006,
3.69843,8,normal,0.22920,0.00000,-0.23006,
3.70247,8,normal,0.22511,0.00000,-0.23006,
3.70655,8,normal,0.22066,0.00000,-0.23006,
3.71100,8,normal,0.21602,0.00000,-0.23006,
3.71564,8,normal,0.20921,0.00000,-0.23006,
3.72245,8,normal,0.20514,0.00000,-0.23006,
3.72652,8,normal,0.20113,0.00000,-0.23006,
3.73053,8,normal,0.19639,0.00000,-0.23006,
3.73527,8,normal,0.19235,0.00000,-0.23006,
3.73931,8,normal,0.18831,0.00000,-0.23006,
3.74335,8,normal,0.18425,0.00000,-0.23006,
3.74742,8,normal,0.18014,0.00000,-0.23006,
3.75153,8,normal,0.17567,0.00000,-0.23006,
3.75599,8,normal,0.17151,0.00000,-0.23006,
3.76016,8,normal,0.16742,0.00000,-0.23006,
3.76425,8,normal,0.16327,0.00000,-0.23006,
3.76839,8,normal,0.15923,0.00000,-0.23006,
3.77243,8,normal,0.15473,0.00000,-0.23006,
3.77693,8,normal,0.15068,0.00000,-0.23006,
3.78099,8,normal,0.14642,0.00000,-0.23006,
3.78524,8,normal,0.13439,0.00000,-0.23006,
3.79727,8,normal,0.12929,0.00000,-0.23006,
3.80237,8,normal,0.12513,0.00000,-0.23006,
3.80653,8,normal,0.12109,0.00000,-0.23006,
3.81058,8,normal,0.11661,0.00000,-0.23006,
3.81505,8,normal,0.10884,0.00000,-0.23006,
3.82282,8,normal,0.10884,0.00000,-0.23006,
3.82702,8,normal,0.10884,0.00000,-0.23006,
3.83085,8,normal,0.10884,0.00000,-0.23006,
3.83493,8,normal,0.10884,0.00000,-0.23006,
3.83875,8,normal,0.10884,0.00000,-0.23006,
3.84242,8,normal,0.10884,0.00000,-0.23006,
3.84595,8,normal,0.10884,0.00000,-0.23006,
3.84955,8,normal,0.10884,0.00000,-0.23006,
3.85555,8,normal,0.10884,0.00000,-0.23006,
3.85922,8,normal,0.10884,0.00000,-0.23006,
3.86295,8,normal,0.10884,0.00000,-0.23006,
3.86674,8,normal,0.10884,0.00000,-0.23006,
3.87043,8,normal,0.10884,0.00000,-0.23006,
3.87456,8,normal,0.10884,0.00000,-0.23006,
3.87837,8,normal,0.10884,0.00000,-0.23006,
3.88203,8,normal,0.10884,0.00000,-0.23006,
3.89040,8,normal,0.10884,0.00000,-0.23006,
3.89441,8,normal,0.10884,0.00000,-0.23006,
3.89791,8,normal,0.10884,0.00000,-0.23006,
3.90157,8,normal,0.10884,0.00000,-0.23006,
3.90527,8,normal,0.10884,0.00000,-0.23006,
3.90883,8,normal,0.10884,0.00000,-0.23006,
3.91237,8,normal,0.10884,0.00000,-0.23006,
3.91632,8,normal,0.10884,0.00000,-0.23006,
3.92280,8,normal,0.10884,0.00000,-0.23006,
3.92643,8,normal,0.10884,0.00000,-0.23006,
3.93028,8,normal,0.10884,0.00000,-0.23006,
3.93437,8,normal,0.10884,0.00000,-0.23006,
3.93815,8,normal,0.10884,0.00000,-0.23006,
3.94183,8,normal,0.10884,0.00000,-0.23006,
3.94554,8,normal,0.10884,0.00000,-0.23006,
3.94923,8,normal,0.10884,0.00000,-0.23006,
3.95599,8,normal,0.10884,0.00000,-0.23006,
3.95973,8,normal,0.10884,0.00000,-0.23006,
3.96325,8,normal,0.10884,0.00000,-0.23006,
3.96693,8,normal,0.10884,0.00000,-0.23006,
3.97054,8,normal,0.10884,0.00000,-0.23006,
3.97463,8,normal,0.10884,0.00000,-0.23006,
3.97829,8,normal,0.10884,0.00000,-0.23006,
3.98244,8,normal,0.10884,0.00000,-0.23006,
3.98947,8,normal,0.10884,0.00000,-0.23006,
3.99342,8,normal,0.10884,0.00000,-0.23006,
3.99703,8,normal,0.10884,0.00000,-0.23006,
4.00056,8,normal,0.10884,0.00000,-0.23006,
4.00422,8,normal,0.10884,0.00000,-0.23006,
4.00781,8,normal,0.10884,0.00000,-0.23006,
4.01149,8,normal,0.10884,0.00000,-0.23006,
4.01553,8,normal,0.10884,0.00000,-0.23006,
4.02276,8,normal,0.10884,0.00000,-0.23006,
4.02634,8,normal,0.10884,0.00000,-0.23006,
4.02982,8,normal,0.10884,0.00000,-0.23006,
4.03383,8,normal,0.10884,0.00000,-0.23006,
4.03736,8,normal,0.10884,0.00000,-0.23006,
4.04081,8,normal,0.10884,0.00000,-0.23006,
4.05240,8,normal,0.10884,0.00000,-0.23006,
4.05667,8,normal,0.10884,0.00000,-0.23006,
4.06025,8,normal,0.10884,0.00000,-0.23006,
4.06394,8,normal,0.10884,0.00000,-0.23006,
4.06740,8,normal,0.10884,0.00000,-0.23006,
4.07092,8,normal,0.10884,0.00000,-0.23006,
4.07499,8,normal,0.10884,0.00000,-0.23006,
4.07861,8,normal,0.10884,0.00000,-0.23006,
4.08215,8,normal,0.10884,0.00000,-0.23006,
4.08975,8,normal,0.10884,0.00000,-0.23006,
4.09391,8,normal,0.10884,0.00000,-0.23006,
4.09763,8,normal,0.10884,0.00000,-0.23006,
4.10123,8,normal,0.10884,0.00000,-0.23006,
4.10483,8,normal,0.10884,0.00000,-0.23006,
4.10851,8,normal,0.10884,0.00000,-0.23006,
4.11224,8,normal,0.10884,0.00000,-0.23006,
4.11634,8,normal,0.10884,0.00000,-0.23006,
4.12262,8,normal,0.10884,0.00000,-0.23006,
4.12645,8,normal,0.10884,0.00000,-0.23006,
4.13016,8,normal,0.11341,0.00000,-0.23006,
4.13472,8,normal,0.11766,0.00000,-0.23006,
4.13897,8,normal,0.12203,0.00000,-0.23006,
4.14334,8,normal,0.12638,0.00000,-0.23006,
4.14769,8,normal,0.13476,0.00000,-0.23006,
4.15607,8,normal,0.13983,0.00000,-0.23006,
4.16114,8,normal,0.14444,0.00000,-0.23006,
4.16575,8,normal,0.14887,0.00000,-0.23006,
4.17018,8,normal,0.15373,0.00000,-0.23006,
4.17504,8,normal,0.15809,0.00000,-0.23006,
4.17940,8,normal,0.16223,0.00000,-0.23006,
4.18354,8,normal,0.16796,0.00000,-0.23006,
4.18927,8,normal,0.17299,0.00000,-0.23006,
4.19431,8,normal,0.17743,0.00000,-0.23006,
4.19874,8,normal,0.18174,0.00000,-0.23006,
4.20306,8,normal,0.18606,0.00000,-0.23006,
4.20737,8,normal,0.19040,0.00000,-0.23006,
4.21171,8,normal,0.19523,0.00000,-0.23006,
4.21654,8,normal,0.20129,0.00000,-0.23006,
4.22261,8,normal,0.20568,0.00000,-0.23006,
4.22700,8,normal,0.20992,0.00000,-0.23006,
4.23124,8,normal,0.21510,0.00000,-0.23006,
4.23642,8,normal,0.21931,0.00000,-0.23006,
4.24062,8,normal,0.22354,0.00000,-0.23006,
4.24486,8,normal,0.22762,0.00000,-0.23006,
4.24893,8,normal,0.23510,0.00000,-0.23006,
4.25642,8,normal,0.24015,0.00000,-0.23006,
4.26146,8,normal,0.24421,0.00000,-0.23006,
4.26552,8,normal,0.24820,0.00000,-0.23006,
4.26951,8,normal,0.25273,0.00000,-0.23006,
4.27405,8,normal,0.25669,0.00000,-0.23006,
4.27801,8,normal,0.25669,0.00000,-0.23006,
4.28220,8,normal,0.25669,0.00000,-0.23006,
4.28970,8,normal,0.25669,0.00000,-0.23006,
4.29393,8,normal,0.25669,0.00000,-0.23006,
4.29752,8,normal,0.25669,0.00000,-0.22605,
4.30153,8,normal,0.25669,0.00000,-0.22197,
4.30560,8,normal,0.25669,0.00000,-0.21702,
4.31056,8,normal,0.25669,0.00000,-0.21232,
4.31525,8,normal,0.25669,0.00000,-0.20157,
4.32601,8,normal,0.25669,0.00000,-0.19347,
4.33410,8,normal,0.25669,0.00000,-0.18353,
4.34405,8,normal,0.25669,0.00000,-0.17910,
4.34848,8,normal,0.25669,0.00000,-0.17345,
4.35413,8,normal,0.25669,0.00000,-0.16893,
4.35865,8,normal,0.25669,0.00000,-0.15996,
4.36762,8,normal,0.25669,0.00000,-0.15543,
4.37215,8,normal,0.25669,0.00000,-0.15032,
4.37726,8,normal,0.25669,0.00000,-0.14625,
4.38133,8,normal,0.25669,0.00000,-0.13834,
4.38924,8,normal,0.25669,0.00000,-0.13386,
4.39372,8,normal,0.25669,0.00000,-0.12990,
4.39768,8,normal,0.25669,0.00000,-0.12584,
4.40174,8,normal,0.25669,0.00000,-0.12185,
4.40573,8,normal,0.25669,0.00000,-0.11796,
4.40962,8,normal,0.25669,0.00000,-0.11330,
4.41427,8,normal,0.25669,0.00000,-0.10925,
4.41833,8,normal,0.25669,0.00000,-0.10501,
4.42257,8,normal,0.25669,0.00000,-0.10093,
4.42665,8,normal,0.25669,0.00000,-0.09677,
4.43081,8,normal,0.25669,0.00000,-0.09235,
4.43523,8,normal,0.25669,0.00000,-0.08837,
4.43921,8,normal,0.25669,0.00000,-0.08424,
4.44334,8,normal,0.25669,0.00000,-0.08031,
4.44727,8,normal,0.25669,0.00000,-0.07624,
4.45134,8,normal,0.25669,0.00000,-0.07146,
4.45612,8,normal,0.25669,0.00000,-0.06746,
4.46012,8,normal,0.25669,0.00000,-0.06337,
4.46421,8,normal,0.25669,0.00000,-0.05935,
4.46823,8,normal,0.25669,0.00000,-0.05543,
4.47215,8,normal,0.25669,0.00000,-0.05114,
4.47644,8,normal,0.25669,0.00000,-0.04724,
4.48034,8,normal,0.25669,0.00000,-0.04337,
4.48421,8,normal,0.25669,0.00000,-0.03844,
4.48914,8,normal,0.25233,0.00000,-0.03407,
4.49351,8,normal,0.24764,0.00000,-0.02938,
4.49819,8,normal,0.24361,0.00000,-0.02536,
4.50222,8,normal,0.23962,0.00000,-0.02137,
4.50621,8,normal,0.23570,0.00000,-0.01745,
4.51013,8,normal,0.23118,0.00000,-0.01293,
4.51465,8,normal,0.22321,0.00000,-0.00495,
4.52263,8,normal,0.21919,0.00000,-0.00093,
4.52665,8,normal,0.21518,0.00000,0.00307,
4.53065,8,normal,0.20959,0.00000,0.00867,
4.53624,8,normal,0.20550,0.00000,0.01276,
4.54034,8,normal,0.20151,0.00000,0.01675,
4.54433,8,normal,0.19752,0.00000,0.02074,
4.54832,8,normal,0.19001,0.00000,0.02824,
4.55582,8,normal,0.18563,0.00000,0.03263,
4.56021,8,normal,0.18154,0.00000,0.03671,
4.56429,8,normal,0.17759,0.00000,0.04067,
4.56825,8,normal,0.17369,0.00000,0.04456,
4.57214,8,normal,0.16893,0.00000,0.04456,
4.57690,8,normal,0.16478,0.00000,0.04456,
4.58106,8,normal,0.16072,0.00000,0.04456,
4.58512,8,normal,0.14902,0.00000,0.04456,
4.59682,8,normal,0.14410,0.00000,0.04456,
4.60174,8,normal,0.14008,0.00000,0.04456,
4.60576,8,normal,0.13602,0.00000,0.04456,
4.60981,8,normal,0.13132,0.00000,0.04456,
4.61451,8,normal,0.12718,0.00000,0.04456,
4.61865,8,normal,0.12319,0.00000,0.04456,
4.62265,8,normal,0.11922,0.00000,0.04456,
4.62661,8,normal,0.11505,0.00000,0.04456,
4.63078,8,normal,0.11041,0.00000,0.04456,
4.63542,8,normal,0.10642,0.00000,0.04456,
4.63942,8,normal,0.10239,0.00000,0.04456,
4.64344,8,normal,0.09841,0.00000,0.04456,
4.64742,8,normal,0.09441,0.00000,0.04456,
4.65142,8,normal,0.08981,0.00000,0.04456,
4.65602,8,normal,0.08581,0.00000,0.04456,
4.66003,8,normal,0.08162,0.00000,0.04456,
4.66421,8,normal,0.07760,0.00000,0.04456,
4.66824,8,normal,0.07361,0.00000,0.04456,
4.67222,8,normal,0.06910,0.00000,0.04456,
4.67674,8,normal,0.06504,0.00000,0.04456,
4.68080,8,normal,0.06113,0.00000,0.04456,
4.68471,8,normal,0.05639,0.00000,0.04456,
4.68945,8,normal,0.05183,0.00000,0.04456,
4.69400,8,normal,0.04781,0.00000,0.04456,
4.69802,8,normal,0.04361,0.00000,0.04456,
4.70222,8,normal,0.03970,0.00000,0.04456,
4.70614,8,normal,0.03570,0.00000,0.04456,
4.71014,8,normal,0.03125,0.00000,0.04456,
4.71458,8,normal,0.02292,0.00000,0.04456,
4.72291,8,normal,0.01881,0.00000,0.04456,
4.72703,8,normal,0.01471,0.00000,0.04456,
4.73112,8,normal,0.01010,0.00000,0.04456,
4.73574,8,normal,0.00581,0.00000,0.04456,
4.74003,8,normal,0.00154,0.00000,0.04456,
4.74430,8,normal,-0.00250,0.00000,0.04456,
4.74834,8,normal,-0.01040,0.00000,0.04456,
4.75624,8,normal,-0.01502,0.00000,0.04456,
4.76085,8,normal,-0.01908,0.00000,0.04456,
4.76492,8,normal,-0.02346,0.00000,0.04456,
4.76930,8,normal,-0.02783,0.00000,0.04456,
4.77366,8,normal,-0.03178,0.00000,0.04456,
4.77762,8,normal,-0.03569,0.00000,0.04456,
4.78153,8,normal,-0.04368,0.00000,0.04456,
4.78952,8,normal,-0.04808,0.00000,0.04456,
4.79391,8,normal,-0.05209,0.00000,0.04456,
4.79793,8,normal,-0.05600,0.00000,0.04456,
4.80184,8,normal,-0.06006,0.00000,0.04456,
4.80590,8,normal,-0.06401,0.00000,0.04456,
4.80984,8,normal,-0.06842,0.00000,0.04456,
4.81426,8,normal,-0.07237,0.00000,0.04456,
4.81821,8,normal,-0.07650,0.00000,0.04456,
4.82233,8,normal,-0.08060,0.00000,0.04456,
4.82644,8,normal,-0.08464,0.00000,0.04456,
4.83047,8,normal,-0.08464,0.00000,0.04456,
4.84257,8,normal,-0.08464,0.00000,0.04456,
4.84667,8,normal,-0.08464,0.00000,0.04456,
4.85037,8,normal,-0.08464,0.00000,0.04456,
4.85599,8,normal,-0.08464,0.00000,0.04456,
4.85973,8,normal,-0.08464,0.00000,0.04456,
4.86348,8,normal,-0.08464,0.00000,0.04456,
4.86701,8,normal,-0.08464,0.00000,0.04456,
4.87062,8,normal,-0.08464,0.00000,0.04456,
4.87475,8,normal,-0.08464,0.00000,0.04456,
4.87852,8,normal,-0.08464,0.00000,0.04456,
4.88214,8,normal,-0.08464,0.00000,0.04456,
4.88950,8,normal,-0.08464,0.00000,0.04456,
4.89385,8,normal,-0.08464,0.00000,0.04456,
4.89741,8,normal,-0.08464,0.00000,0.04456,
4.90106,8,normal,-0.08464,0.00000,0.04456,
4.90467,8,normal,-0.08464,0.00000,0.04456,
4.90832,8,normal,-0.08464,0.00000,0.04456,
4.91190,8,normal,-0.08464,0.00000,0.04456,
4.91590,8,normal,-0.08464,0.00000,0.04456,
4.92290,8,normal,-0.08464,0.00000,0.04456,
4.92662,8,normal,-0.08464,0.00000,0.04456,
4.93022,8,normal,-0.08464,0.00000,0.04456,
4.93426,8,normal,-0.08464,0.00000,0.04456,
4.93779,8,normal,-0.08464,0.00000,0.04456,
4.94133,8,normal,-0.08464,0.00000,0.04456,
4.94496,8,normal,-0.08464,0.00000,0.04456,
4.94864,8,normal,-0.08464,0.00000,0.04456,
4.95605,8,normal,-0.08464,0.00000,0.04456,
4.96013,8,normal,-0.08464,0.00000,0.04456,
4.96367,8,normal,-0.08464,0.00000,0.04456,
4.96726,8,normal,-0.08464,0.00000,0.04456,
4.97089,8,normal,-0.08464,0.00000,0.04456,
4.97494,8,normal,-0.08464,0.00000,0.04456,
4.97854,8,normal,-0.08464,0.00000,0.04456,
4.98203,8,normal,-0.08464,0.00000,0.04456,
4.98946,8,normal,-0.08464,0.00000,0.04456,
4.99351,8,normal,-0.08464,0.00000,0.04456,
4.99706,8,normal,-0.08464,0.00000,0.04456,
5.00064,8,normal,-0.08464,0.00000,0.04456,
5.00421,8,normal,-0.08464,0.00000,0.04456,
5.00772,8,normal,-0.08464,0.00000,0.04456,
5.01119,8,normal,-0.08464,0.00000,0.04456,
5.01532,8,normal,-0.08464,0.00000,0.04456,
5.02275,8,normal,-0.08464,0.00000,0.04456,
5.02623,8,normal,-0.08464,0.00000,0.04456,
5.02984,8,normal,-0.08464,0.00000,0.04456,
5.03413,8,normal,-0.08464,0.00000,0.04456,
5.03765,8,normal,-0.08464,0.00000,0.04456,
5.04112,8,normal,-0.08464,0.00000,0.04456,
5.04466,8,normal,-0.08464,0.00000,0.04456,
5.04811,8,normal,-0.08464,0.00000,0.04456,
5.05585,8,normal,-0.08464,0.00000,0.04456,
5.05982,8,normal,-0.08464,0.00000,0.04456,
5.06346,8,normal,-0.08464,0.00000,0.04456,
5.07138,8,normal,-0.08464,0.00000,0.04456,
5.08488,8,normal,-0.08464,0.00000,0.04456,
5.09150,8,normal,-0.08464,0.00000,0.04456,
5.09585,8,normal,-0.08464,0.00000,0.04456,
5.09944,8,normal,-0.08464,0.00000,0.04456,
5.10313,8,normal,-0.08464,0.00000,0.04456,
5.10672,8,normal,-0.08464,0.00000,0.04456,
5.11033,8,normal,-0.08464,0.00000,0.04456,
5.11435,8,normal,-0.08464,0.00000,0.04456,
5.11794,8,normal,-0.08464,0.00000,0.04456,
5.12161,8,normal,-0.08464,0.00000,0.04456,
5.12525,8,normal,-0.08464,0.00000,0.04456,
5.12886,8,normal,-0.08464,0.00000,0.04456,
5.13253,8,normal,-0.08464,0.00000,0.04456,
5.13655,8,normal,-0.08464,0.00000,0.04456,
5.14018,8,normal,-0.08464,0.00000,0.04456,
5.14374,8,normal,-0.08464,0.00000,0.04456,
5.14734,8,normal,-0.08464,0.00000,0.04456,
5.15094,8,normal,-0.08464,0.00000,0.04456,
5.15503,8,normal,-0.08464,0.00000,0.04456,
5.15877,8,normal,-0.08464,0.00000,0.04456,
5.16243,8,normal,-0.08464,0.00000,0.04456,
5.16612,8,normal,-0.08464,0.00000,0.04456,
5.16971,8,normal,-0.08464,0.00000,0.04456,
5.17361,8,normal,-0.08464,0.00000,0.04456,
5.17760,8,normal,-0.08464,0.00000,0.04456,
5.18124,8,normal,-0.08464,0.00000,0.04456,
5.18492,8,normal,-0.08464,0.00000,0.04456,
5.18852,8,normal,-0.08464,0.00000,0.04456,
5.19205,8,normal,-0.08464,0.00000,0.04456,
5.19604,8,normal,-0.08464,0.00000,0.04456,
5.19951,8,normal,-0.08464,0.00000,0.04456,
5.20308,8,normal,-0.08464,0.00000,0.04456,
5.20672,8,normal,-0.08464,0.00000,0.04456,
5.21042,8,normal,-0.08464,0.00000,0.04456,
5.21442,8,normal,-0.08464,0.00000,0.04456,
5.21793,8,normal,-0.08464,0.00000,0.04456,
5.22153,8,normal,-0.08464,0.00000,0.04456,
5.22514,8,normal,-0.08464,0.00000,0.04456,
5.22862,8,normal,-0.08464,0.00000,0.04456,
5.23212,8,normal,-0.08464,0.00000,0.04456,
5.23622,8,normal,-0.08464,0.00000,0.04456,
5.23972,8,normal,-0.08464,0.00000,0.04456,
5.24321,8,normal,-0.08464,0.00000,0.04456,
5.24676,8,normal,-0.08464,0.00000,0.04456,
5.25024,8,normal,-0.08464,0.00000,0.04456,
5.25418,8,normal,-0.08464,0.00000,0.04456,
5.25784,8,normal,-0.08464,0.00000,0.04456,
5.26139,8,normal,-0.08464,0.00000,0.04456,
5.26493,8,normal,-0.08464,0.00000,0.04456,
5.26853,8,normal,-0.08464,0.00000,0.04456,
5.27207,8,normal,-0.08464,0.00000,0.04456,
5.27603,8,normal,-0.08464,0.00000,0.04456,
5.27969,8,normal,-0.08464,0.00000,0.04060,
5.28366,8,normal,-0.08464,0.00000,0.03648,
5.28778,8,normal,-0.08464,0.00000,0.03245,
5.29181,8,normal,-0.08464,0.00000,0.02043,
5.30383,8,normal,-0.08464,0.00000,0.01599,
5.30827,8,normal,-0.08464,0.00000,0.01183,
5.31242,8,normal,-0.08464,0.00000,0.00721,
5.31704,8,normal,-0.08464,0.00000,0.00314,
5.32112,8,normal,-0.08464,0.00000,-0.00086,
5.32512,8,normal,-0.08464,0.00000,-0.00487,
5.32913,8,normal,-0.08464,0.00000,-0.00879,
5.33305,8,normal,-0.08464,0.00000,-0.01329,
5.33754,8,normal,-0.08464,0.00000,-0.01726,
5.34152,8,normal,-0.08464,0.00000,-0.02138,
5.34564,8,normal,-0.08464,0.00000,-0.02537,
5.34963,8,normal,-0.08464,0.00000,-0.02994,
5.35420,8,normal,-0.08464,0.00000,-0.03408,
5.35834,8,normal,-0.08464,0.00000,-0.03814,
5.36240,8,normal,-0.08464,0.00000,-0.04226,
5.36652,8,normal,-0.08464,0.00000,-0.04631,
5.37057,8,normal,-0.08464,0.00000,-0.04631,
5.37544,8,normal,-0.08464,0.00000,-0.04631,
5.37939,8,normal,-0.08464,0.00000,-0.04631,
5.38317,8,normal,-0.08464,0.00000,-0.04631,
5.38707,8,normal,-0.08464,0.00000,-0.04631,
5.39083,8,normal,-0.08464,0.00000,-0.04631,
5.39525,8,normal,-0.08464,0.00000,-0.04631,
5.39903,8,normal,-0.08464,0.00000,-0.04631,
5.40286,8,normal,-0.08464,0.00000,-0.04631,
5.40653,8,normal,-0.08464,0.00000,-0.04631,
5.41032,8,normal,-0.08464,0.00000,-0.04631,
5.41475,8,normal,-0.08464,0.00000,-0.04631,
5.41856,8,normal,-0.08464,0.00000,-0.04631,
5.42252,8,normal,-0.08464,0.00000,-0.04631,
5.42644,8,normal,-0.08464,0.00000,-0.04631,
5.43024,8,normal,-0.08464,0.00000,-0.04631,
5.43472,8,normal,-0.08464,0.00000,-0.04631,
5.43858,8,normal,-0.08464,0.00000,-0.04631,
5.44241,8,normal,-0.08464,0.00000,-0.04631,
5.44612,8,normal,-0.08464,0.00000,-0.04631,
5.44992,8,normal,-0.08464,0.00000,-0.04631,
5.45432,8,normal,-0.08464,0.00000,-0.04631,
5.45822,8,normal,-0.08464,0.00000,-0.04631,
5.46195,8,normal,-0.08464,0.00000,-0.04631,
5.46577,8,normal,-0.08464,0.00000,-0.04631,
5.46964,8,normal,-0.08464,0.00000,-0.04631,
5.47386,8,normal,-0.08464,0.00000,-0.04631,
5.47782,8,normal,-0.08464,0.00000,-0.04631,
5.48162,8,normal,-0.08464,0.00000,-0.04631,
5.48553,8,normal,-0.08464,0.00000,-0.04631,
5.48913,8,normal,-0.08464,0.00000,-0.04631,
5.49273,8,normal,-0.08464,0.00000,-0.04631,
5.49688,8,normal,-0.08464,0.00000,-0.04631,
5.50035,8,normal,-0.08464,0.00000,-0.04631,
5.50396,8,normal,-0.08464,0.00000,-0.04631,
5.50752,8,normal,-0.08464,0.00000,-0.04631,
5.51112,8,normal,-0.08464,0.00000,-0.04631,
5.51511,8,normal,-0.08464,0.00000,-0.04631,
5.51899,8,normal,-0.08464,0.00000,-0.04631,
5.52254,8,normal,-0.08464,0.00000,-0.04631,
5.53391,8,normal,-0.08464,0.00000,-0.04631,
5.53905,8,normal,-0.08464,0.00000,-0.04631,
5.54273,8,normal,-0.08464,0.00000,-0.04631,
5.54639,8,normal,-0.08464,0.00000,-0.04631,
5.54993,8,normal,-0.08464,0.00000,-0.04631,
5.55395,8,normal,-0.08464,0.00000,-0.04631,
5.55761,8,normal,-0.08464,0.00000,-0.04631,
5.56123,8,normal,-0.08464,0.00000,-0.04631,
5.56491,8,normal,-0.08464,0.00000,-0.04631,
5.56853,8,normal,-0.08464,0.00000,-0.04631,
5.57221,8,normal,-0.08464,0.00000,-0.04631,
5.57692,8,normal,-0.08464,0.00000,-0.04631,
5.58054,8,normal,-0.08464,0.00000,-0.04631,
5.58414,8,normal,-0.08464,0.00000,-0.04631,
5.58769,8,normal,-0.08464,0.00000,-0.04631,
5.59143,8,normal,-0.08464,0.00000,-0.04631,
5.59574,8,normal,-0.08464,0.00000,-0.04631,
5.59933,8,normal,-0.08464,0.00000,-0.04631,
5.60301,8,normal,-0.08464,0.00000,-0.04631,
5.60685,8,normal,-0.08464,0.00000,-0.04631,
5.61042,8,normal,-0.08464,0.00000,-0.04631,
5.61453,8,normal,-0.08464,0.00000,-0.04631,
5.61817,8,normal,-0.08464,0.00000,-0.04631,
5.62164,8,normal,-0.08464,0.00000,-0.04631,
5.62522,8,normal,-0.08464,0.00000,-0.04631,
5.62893,8,normal,-0.08464,0.00000,-0.04631,
5.63251,8,normal,-0.08464,0.00000,-0.04631,
5.63642,8,normal,-0.08464,0.00000,-0.04631,
5.63994,8,normal,-0.08464,0.00000,-0.04631,
5.64344,8,normal,-0.08464,0.00000,-0.04631,
5.64697,8,normal,-0.08464,0.00000,-0.04631,
5.65063,8,normal,-0.08464,0.00000,-0.04631,
5.65484,8,normal,-0.08464,0.00000,-0.04631,
5.65842,8,normal,-0.08464,0.00000,-0.04631,
5.66204,8,normal,-0.08464,0.00000,-0.04631,
5.66573,8,normal,-0.08464,0.00000,-0.04631,
5.66934,8,normal,-0.08464,0.00000,-0.04631,
5.67345,8,normal,-0.08464,0.00000,-0.04631,
5.67702,8,normal,-0.08464,0.00000,-0.04631,
5.68068,8,normal,-0.08464,0.00000,-0.04631,
5.68424,8,normal,-0.08464,0.00000,-0.04631,
5.68776,8,normal,-0.08464,0.00000,-0.04631,
5.69133,8,normal,-0.08464,0.00000,-0.04631,
5.69544,8,normal,-0.08464,0.00000,-0.04631,
5.69913,8,normal,-0.08464,0.00000,-0.04631,
5.70278,8,normal,-0.08464,0.00000,-0.04631,
5.70644,8,normal,-0.08464,0.00000,-0.04631,
5.71002,8,normal,-0.08464,0.00000,-0.04631,
5.71401,8,normal,-0.08034,0.00000,-0.04631,
5.71832,8,normal,-0.07631,0.00000,-0.04631,
5.72235,8,normal,-0.07210,0.00000,-0.04631,
5.72655,8,normal,-0.06802,0.00000,-0.04631,
5.73064,8,normal,-0.06352,0.00000,-0.04631,
5.73514,8,normal,-0.05945,0.00000,-0.04631,
5.73920,8,normal,-0.05540,0.00000,-0.04631,
5.74326,8,normal,-0.04356,0.00000,-0.04631,
5.75510,8,normal,-0.03865,0.00000,-0.04631,
5.76000,8,normal,-0.03451,0.00000,-0.04631,
5.76414,8,normal,-0.03053,0.00000,-0.04631,
5.76812,8,normal,-0.02647,0.00000,-0.04631,
5.77219,8,normal,-0.02182,0.00000,-0.04631,
5.77684,8,normal,-0.01769,0.00000,-0.04631,
5.78096,8,normal,-0.00953,0.00000,-0.04631,
5.78912,8,normal,-0.00953,0.00000,-0.04631,
5.79337,8,normal,-0.00953,0.00000,-0.04631,
5.79755,8,normal,-0.00953,0.00000,-0.04631,
5.80125,8,normal,-0.00953,0.00000,-0.04631,
5.80483,8,normal,-0.00953,0.00000,-0.04631,
5.80864,8,normal,-0.00953,0.00000,-0.04631,
5.81244,8,normal,-0.00953,0.00000,-0.04631,
5.81663,8,normal,-0.00953,0.00000,-0.04631,
5.82281,8,normal,-0.00953,0.00000,-0.04631,
5.82673,8,normal,-0.00953,0.00000,-0.04631,
5.83041,8,normal,-0.00953,0.00000,-0.04631,
5.83465,8,normal,-0.00953,0.00000,-0.04631,
5.83824,8,normal,-0.00953,0.00000,-0.04631,
5.84205,8,normal,-0.00953,0.00000,-0.04631,
5.84575,8,normal,-0.00953,0.00000,-0.04631,
5.84932,8,normal,-0.00953,0.00000,-0.04631,
5.85571,8,normal,-0.00953,0.00000,-0.04631,
5.85935,8,normal,-0.00953,0.00000,-0.04631,
5.86284,8,normal,-0.00953,0.00000,-0.04631,
5.86642,8,normal,-0.00953,0.00000,-0.04631,
5.87002,8,normal,-0.00953,0.00000,-0.04631,
5.87401,8,normal,-0.00953,0.00000,-0.04631,
5.87766,8,normal,-0.00953,0.00000,-0.04631,
5.88135,8,normal,-0.00953,0.00000,-0.04631,
5.88943,8,normal,-0.00953,0.00000,-0.04631,
5.89366,8,normal,-0.00953,0.00000,-0.04631,
5.89738,8,normal,-0.00953,0.00000,-0.04631,
5.90110,8,normal,-0.00953,0.00000,-0.04631,
5.90481,8,normal,-0.00953,0.00000,-0.04631,
5.90864,8,normal,-0.00953,0.00000,-0.04631,
5.91225,8,normal,-0.00953,0.00000,-0.04631,
5.91633,8,normal,-0.00953,0.00000,-0.04631,
5.92258,8,normal,-0.00953,0.00000,-0.04631,
5.92612,8,normal,-0.00953,0.00000,-0.04631,
5.92979,8,normal,-0.00953,0.00000,-0.04631,
5.93416,8,normal,-0.00953,0.00000,-0.04631,
5.93782,8,normal,-0.00953,0.00000,-0.04631,
5.94155,8,normal,-0.00953,0.00000,-0.04631,
5.94537,8,normal,-0.00953,0.00000,-0.04631,
5.94903,8,normal,-0.00953,0.00000,-0.04631,
5.95614,8,normal,-0.00953,0.00000,-0.04631,
5.96024,8,normal,-0.00953,0.00000,-0.04631,
5.96382,8,normal,-0.00953,0.00000,-0.04631,
5.96756,8,normal,-0.00953,0.00000,-0.04631,
5.97117,8,normal,-0.00953,0.00000,-0.04631,
5.97523,8,normal,-0.00953,0.00000,-0.04631,
5.97894,8,normal,-0.00953,0.00000,-0.04631,
5.98254,8,normal,-0.00953,0.00000,-0.04631,
5.98895,8,normal,-0.00953,0.00000,-0.04631,
6.00020,8,normal,-0.00953,0.00000,-0.04631,
6.00476,8,normal,-0.00953,0.00000,-0.04631,
6.00844,8,normal,-0.00953,0.00000,-0.04631,
6.01199,8,normal,-0.00953,0.00000,-0.04631,
6.01626,8,normal,-0.00953,0.00000,-0.04631,
6.02276,8,normal,-0.00953,0.00000,-0.04631,
6.02655,8,normal,-0.00953,0.00000,-0.04631,
6.03021,8,normal,-0.00953,0.00000,-0.04631,
6.03463,8,normal,-0.00953,0.00000,-0.04631,
6.03835,8,normal,-0.00953,0.00000,-0.04631,
6.04202,8,normal,-0.00953,0.00000,-0.04631,
6.04570,8,normal,-0.00953,0.00000,-0.04631,
6.04934,8,normal,-0.00953,0.00000,-0.04631,
6.05555,8,normal,-0.00953,0.00000,-0.04631,
6.05932,8,normal,-0.00953,0.00000,-0.04631,
6.06295,8,normal,-0.00953,0.00000,-0.04631,
6.06653,8,normal,-0.00953,0.00000,-0.04631,
6.07011,8,normal,-0.00953,0.00000,-0.04631,
6.07413,8,normal,-0.00953,0.00000,-0.04631,
6.07764,8,normal,-0.00953,0.00000,-0.04631,
6.08123,8,normal,-0.00953,0.00000,-0.04631,
6.08936,8,normal,-0.00953,0.00000,-0.04631,
6.09363,8,normal,-0.00953,0.00000,-0.04631,
6.09720,8,normal,-0.00953,0.00000,-0.04631,
6.10074,8,normal,-0.00953,0.00000,-0.04631,
6.10432,8,normal,-0.00953,0.00000,-0.04631,
6.10794,8,normal,-0.00953,0.00000,-0.04631,
6.11162,8,normal,-0.00953,0.00000,-0.04631,
6.11572,8,normal,-0.00953,0.00000,-0.04631,
6.12262,8,normal,-0.00953,0.00000,-0.04631,
6.12624,8,normal,-0.00953,0.00000,-0.04631,
6.13003,8,normal,-0.00953,0.00000,-0.04631,
6.13415,8,normal,-0.00953,0.00000,-0.04631,
6.13779,8,normal,-0.00953,0.00000,-0.04631,
6.14153,8,normal,-0.00953,0.00000,-0.04631,
6.14520,8,normal,-0.00953,0.00000,-0.04631,
6.14884,8,normal,-0.00953,0.00000,-0.04631,
6.15615,8,normal,-0.00953,0.00000,-0.04631,
6.16023,8,normal,-0.00953,0.00000,-0.04631,
6.16380,8,normal,-0.00953,0.00000,-0.04631,
6.16744,8,normal,-0.00953,0.00000,-0.04631,
6.17101,8,normal,-0.00953,0.00000,-0.04631,
6.17514,8,normal,-0.00953,0.00000,-0.04631,
6.17883,8,normal,-0.00953,0.00000,-0.04631,
6.18254,8,normal,-0.00953,0.00000,-0.04631,
6.18950,8,normal,-0.00953,0.00000,-0.04631,
6.19374,8,normal,-0.00953,0.00000,-0.04631,
6.19744,8,normal,-0.00953,0.00000,-0.04631,
6.20187,8,normal,-0.00953,0.00000,-0.04631,
6.20565,8,normal,-0.00953,0.00000,-0.04631,
6.20935,8,normal,-0.00953,0.00000,-0.04631,
6.21586,8,normal,-0.00953,0.00000,-0.04631,
6.22224,8,normal,-0.00953,0.00000,-0.04631,
6.22582,8,normal,-0.00953,0.00000,-0.04631,
6.22948,8,normal,-0.00953,0.00000,-0.04631,
6.23341,8,normal,-0.00953,0.00000,-0.04631,
6.24496,8,normal,-0.00953,0.00000,-0.04631,
6.24915,8,normal,-0.00953,0.00000,-0.04631,
touchedTargets: 1,3,8,
