3.148960.00000,-0.52500,0.17500,
3.34759-0.17500,-0.52500,0.17500,
3.80563-0.35000,-0.52500,0.17500,
4.00541-0.35000,-0.35000,0.17500,
4.16602-0.35000,-0.35000,0.00000,
4.50796-0.35000,-0.17500,0.00000,
4.72695-0.35000,-0.35000,-0.17500,
4.94490-0.35000,-0.17500,-0.17500,
5.40719-0.35000,-0.17500,-0.35000,
5.44604-0.17500,-0.17500,-0.35000,
5.50741-0.17500,-0.17500,-0.17500,
5.74459-0.17500,0.00000,-0.35000,
5.964890.00000,0.00000,-0.35000,
6.124770.00000,0.00000,-0.17500,
6.429480.00000,0.17500,-0.17500,
6.805220.00000,0.17500,0.00000,
7.007720.00000,0.00000,0.00000,
8.08759-0.17500,0.17500,0.00000,
10.46951-0.17500,0.00000,0.00000,
11.06396-0.17500,0.00000,0.17500,
11.06396-0.35000,0.00000,0.17500,
11.52499-0.35000,-0.17500,0.17500,
11.80583-0.35000,-0.17500,0.35000,
(-0.53, -0.35, -0.18)
(-0.53, -0.35, 0.00)
(-0.53, -0.35, 0.18)
(-0.53, -0.18, -0.35)
(-0.53, -0.18, -0.18)
(-0.53, -0.18, 0.00)
(-0.53, -0.18, 0.18)
(-0.53, -0.18, 0.35)
(-0.53, 0.00, -0.35)
(-0.53, 0.00, -0.18)
(-0.53, 0.00, 0.00)
(-0.53, 0.00, 0.18)
(-0.53, 0.00, 0.35)
(-0.53, 0.18, -0.35)
(-0.53, 0.18, -0.18)
(-0.53, 0.18, 0.00)
(-0.53, 0.18, 0.18)
(-0.53, 0.18, 0.35)
(-0.53, 0.35, -0.18)
(-0.53, 0.35, 0.00)
(-0.53, 0.35, 0.18)
(-0.35, -0.53, -0.18)
(-0.35, -0.53, 0.00)
(-0.35, -0.35, -0.35)
(-0.35, -0.35, 0.35)
(-0.35, -0.18, -0.53)
(-0.35, -0.18, 0.53)
(-0.35, 0.00, -0.53)
(-0.35, 0.00, -0.35)
(-0.35, 0.00, -0.18)
(-0.35, 0.00, 0.00)
(-0.35, 0.00, 0.35)
(-0.35, 0.00, 0.53)
(-0.35, 0.18, -0.53)
(-0.35, 0.18, -0.35)
(-0.35, 0.18, -0.18)
(-0.35, 0.18, 0.00)
(-0.35, 0.18, 0.18)
(-0.35, 0.18, 0.35)
(-0.35, 0.18, 0.53)
(-0.35, 0.35, -0.35)
(-0.35, 0.35, -0.18)
(-0.35, 0.35, 0.00)
(-0.35, 0.35, 0.18)
(-0.35, 0.35, 0.35)
(-0.35, 0.53, -0.18)
(-0.35, 0.53, 0.00)
(-0.35, 0.53, 0.18)
(-0.18, -0.53, -0.35)
(-0.18, -0.53, -0.18)
(-0.18, -0.53, 0.00)
(-0.18, -0.53, 0.35)
(-0.18, -0.35, -0.53)
(-0.18, -0.35, -0.35)
(-0.18, -0.35, -0.18)
(-0.18, -0.35, 0.00)
(-0.18, -0.35, 0.18)
(-0.18, -0.35, 0.35)
(-0.18, -0.35, 0.53)
(-0.18, -0.18, -0.53)
(-0.18, -0.18, 0.00)
(-0.18, -0.18, 0.18)
(-0.18, -0.18, 0.35)
(-0.18, -0.18, 0.53)
(-0.18, 0.00, -0.53)
(-0.18, 0.00, -0.18)
(-0.18, 0.00, 0.35)
(-0.18, 0.00, 0.53)
(-0.18, 0.18, -0.53)
(-0.18, 0.18, -0.35)
(-0.18, 0.18, -0.18)
(-0.18, 0.18, 0.18)
(-0.18, 0.18, 0.35)
(-0.18, 0.18, 0.53)
(-0.18, 0.35, -0.53)
(-0.18, 0.35, -0.35)
(-0.18, 0.35, -0.18)
(-0.18, 0.35, 0.00)
(-0.18, 0.35, 0.18)
(-0.18, 0.35, 0.35)
(-0.18, 0.35, 0.53)
(-0.18, 0.53, -0.35)
(-0.18, 0.53, -0.18)
(-0.18, 0.53, 0.00)
(-0.18, 0.53, 0.18)
(-0.18, 0.53, 0.35)
(0.00, -0.70, 0.00)
(0.00, -0.53, -0.35)
(0.00, -0.53, -0.18)
(0.00, -0.53, 0.00)
(0.00, -0.53, 0.35)
(0.00, -0.35, -0.53)
(0.00, -0.35, -0.35)
(0.00, -0.35, -0.18)
(0.00, -0.35, 0.00)
(0.00, -0.35, 0.18)
(0.00, -0.35, 0.35)
(0.00, -0.35, 0.53)
(0.00, -0.18, -0.53)
(0.00, -0.18, -0.35)
(0.00, -0.18, -0.18)
(0.00, -0.18, 0.00)
(0.00, -0.18, 0.18)
(0.00, -0.18, 0.35)
(0.00, -0.18, 0.53)
(0.00, 0.00, -0.70)
(0.00, 0.00, -0.53)
(0.00, 0.00, 0.18)
(0.00, 0.00, 0.35)
(0.00, 0.00, 0.53)
(0.00, 0.18, -0.53)
(0.00, 0.18, -0.35)
(0.00, 0.18, 0.18)
(0.00, 0.18, 0.35)
(0.00, 0.18, 0.53)
(0.00, 0.35, -0.53)
(0.00, 0.35, -0.35)
(0.00, 0.35, -0.18)
(0.00, 0.35, 0.00)
(0.00, 0.35, 0.18)
(0.00, 0.35, 0.35)
(0.00, 0.35, 0.53)
(0.00, 0.53, -0.35)
(0.00, 0.53, -0.18)
(0.00, 0.53, 0.00)
(0.00, 0.53, 0.18)
(0.00, 0.53, 0.35)
(0.18, -0.53, -0.35)
(0.18, -0.53, -0.18)
(0.18, -0.53, 0.00)
(0.18, -0.53, 0.18)
(0.18, -0.53, 0.35)
(0.18, -0.35, -0.53)
(0.18, -0.35, -0.35)
(0.18, -0.35, -0.18)
(0.18, -0.35, 0.00)
(0.18, -0.35, 0.18)
(0.18, -0.35, 0.35)
(0.18, -0.35, 0.53)
(0.18, -0.18, -0.53)
(0.18, -0.18, -0.35)
(0.18, -0.18, -0.18)
(0.18, -0.18, 0.00)
(0.18, -0.18, 0.18)
(0.18, -0.18, 0.35)
(0.18, -0.18, 0.53)
(0.18, 0.00, -0.53)
(0.18, 0.00, -0.35)
(0.18, 0.00, -0.18)
(0.18, 0.00, 0.00)
(0.18, 0.00, 0.18)
(0.18, 0.00, 0.35)
(0.18, 0.00, 0.53)
(0.18, 0.18, -0.53)
(0.18, 0.18, -0.35)
(0.18, 0.18, -0.18)
(0.18, 0.18, 0.00)
(0.18, 0.18, 0.18)
(0.18, 0.18, 0.35)
(0.18, 0.18, 0.53)
(0.18, 0.35, -0.53)
(0.18, 0.35, -0.35)
(0.18, 0.35, -0.18)
(0.18, 0.35, 0.00)
(0.18, 0.35, 0.18)
(0.18, 0.35, 0.35)
(0.18, 0.35, 0.53)
(0.18, 0.53, -0.35)
(0.18, 0.53, -0.18)
(0.18, 0.53, 0.00)
(0.18, 0.53, 0.18)
(0.18, 0.53, 0.35)
(0.35, -0.53, -0.18)
(0.35, -0.53, 0.00)
(0.35, -0.53, 0.18)
(0.35, -0.35, -0.35)
(0.35, -0.35, -0.18)
(0.35, -0.35, 0.00)
(0.35, -0.35, 0.18)
(0.35, -0.35, 0.35)
(0.35, -0.18, -0.53)
(0.35, -0.18, -0.35)
(0.35, -0.18, -0.18)
(0.35, -0.18, 0.00)
(0.35, -0.18, 0.18)
(0.35, -0.18, 0.35)
(0.35, -0.18, 0.53)
(0.35, 0.00, -0.53)
(0.35, 0.00, -0.35)
(0.35, 0.00, -0.18)
(0.35, 0.00, 0.00)
(0.35, 0.00, 0.18)
(0.35, 0.00, 0.35)
(0.35, 0.00, 0.53)
(0.35, 0.18, -0.53)
(0.35, 0.18, -0.35)
(0.35, 0.18, -0.18)
(0.35, 0.18, 0.00)
(0.35, 0.18, 0.18)
(0.35, 0.18, 0.35)
(0.35, 0.18, 0.53)
(0.35, 0.35, -0.35)
(0.35, 0.35, -0.18)
(0.35, 0.35, 0.00)
(0.35, 0.35, 0.18)
(0.35, 0.35, 0.35)
(0.35, 0.53, -0.18)
(0.35, 0.53, 0.00)
(0.35, 0.53, 0.18)
(0.53, -0.35, -0.18)
(0.53, -0.35, 0.00)
(0.53, -0.35, 0.18)
(0.53, -0.18, -0.35)
(0.53, -0.18, -0.18)
(0.53, -0.18, 0.00)
(0.53, -0.18, 0.18)
(0.53, -0.18, 0.35)
(0.53, 0.00, -0.35)
(0.53, 0.00, -0.18)
(0.53, 0.00, 0.00)
(0.53, 0.00, 0.18)
(0.53, 0.00, 0.35)
(0.53, 0.18, -0.35)
(0.53, 0.18, -0.18)
(0.53, 0.18, 0.00)
(0.53, 0.18, 0.18)
(0.53, 0.18, 0.35)
(0.53, 0.35, -0.18)
(0.53, 0.35, 0.00)
(0.53, 0.35, 0.18)
(-0.53, -0.35, -0.18)
(-0.53, -0.35, 0.00)
(-0.53, -0.35, 0.18)
(-0.53, -0.18, -0.35)
(-0.53, -0.18, -0.18)
(-0.53, -0.18, 0.00)
(-0.53, -0.18, 0.18)
(-0.53, -0.18, 0.35)
(-0.53, 0.00, -0.35)
(-0.53, 0.00, -0.18)
(-0.53, 0.00, 0.00)
(-0.53, 0.00, 0.18)
(-0.53, 0.00, 0.35)
(-0.53, 0.18, -0.35)
(-0.53, 0.18, -0.18)
(-0.53, 0.18, 0.00)
(-0.53, 0.18, 0.18)
(-0.53, 0.18, 0.35)
(-0.53, 0.35, -0.18)
(-0.53, 0.35, 0.00)
(-0.53, 0.35, 0.18)
(-0.35, -0.53, -0.18)
(-0.35, -0.53, 0.00)
(-0.35, -0.35, -0.35)
(-0.35, -0.35, 0.35)
(-0.35, -0.18, -0.53)
(-0.35, -0.18, 0.53)
(-0.35, 0.00, -0.53)
(-0.35, 0.00, -0.35)
(-0.35, 0.00, -0.18)
(-0.35, 0.00, 0.00)
(-0.35, 0.00, 0.35)
(-0.35, 0.00, 0.53)
(-0.35, 0.18, -0.53)
(-0.35, 0.18, -0.35)
(-0.35, 0.18, -0.18)
(-0.35, 0.18, 0.00)
(-0.35, 0.18, 0.18)
(-0.35, 0.18, 0.35)
(-0.35, 0.18, 0.53)
(-0.35, 0.35, -0.35)
(-0.35, 0.35, -0.18)
(-0.35, 0.35, 0.00)
(-0.35, 0.35, 0.18)
(-0.35, 0.35, 0.35)
(-0.35, 0.53, -0.18)
(-0.35, 0.53, 0.00)
(-0.35, 0.53, 0.18)
(-0.18, -0.53, -0.35)
(-0.18, -0.53, -0.18)
(-0.18, -0.53, 0.00)
(-0.18, -0.53, 0.35)
(-0.18, -0.35, -0.53)
(-0.18, -0.35, -0.35)
(-0.18, -0.35, -0.18)
(-0.18, -0.35, 0.00)
(-0.18, -0.35, 0.18)
(-0.18, -0.35, 0.35)
(-0.18, -0.35, 0.53)
(-0.18, -0.18, -0.53)
(-0.18, -0.18, 0.00)
(-0.18, -0.18, 0.18)
(-0.18, -0.18, 0.35)
(-0.18, -0.18, 0.53)
(-0.18, 0.00, -0.53)
(-0.18, 0.00, -0.18)
(-0.18, 0.00, 0.35)
(-0.18, 0.00, 0.53)
(-0.18, 0.18, -0.53)
(-0.18, 0.18, -0.35)
(-0.18, 0.18, -0.18)
(-0.18, 0.18, 0.18)
(-0.18, 0.18, 0.35)
(-0.18, 0.18, 0.53)
(-0.18, 0.35, -0.53)
(-0.18, 0.35, -0.35)
(-0.18, 0.35, -0.18)
(-0.18, 0.35, 0.00)
(-0.18, 0.35, 0.18)
(-0.18, 0.35, 0.35)
(-0.18, 0.35, 0.53)
(-0.18, 0.53, -0.35)
(-0.18, 0.53, -0.18)
(-0.18, 0.53, 0.00)
(-0.18, 0.53, 0.18)
(-0.18, 0.53, 0.35)
(0.00, -0.70, 0.00)
(0.00, -0.53, -0.35)
(0.00, -0.53, -0.18)
(0.00, -0.53, 0.00)
(0.00, -0.53, 0.35)
(0.00, -0.35, -0.53)
(0.00, -0.35, -0.35)
(0.00, -0.35, -0.18)
(0.00, -0.35, 0.00)
(0.00, -0.35, 0.18)
(0.00, -0.35, 0.35)
(0.00, -0.35, 0.53)
(0.00, -0.18, -0.53)
(0.00, -0.18, -0.35)
(0.00, -0.18, -0.18)
(0.00, -0.18, 0.00)
(0.00, -0.18, 0.18)
(0.00, -0.18, 0.35)
(0.00, -0.18, 0.53)
(0.00, 0.00, -0.70)
(0.00, 0.00, -0.53)
(0.00, 0.00, 0.18)
(0.00, 0.00, 0.35)
(0.00, 0.00, 0.53)
(0.00, 0.18, -0.53)
(0.00, 0.18, -0.35)
(0.00, 0.18, 0.18)
(0.00, 0.18, 0.35)
(0.00, 0.18, 0.53)
(0.00, 0.35, -0.53)
(0.00, 0.35, -0.35)
(0.00, 0.35, -0.18)
(0.00, 0.35, 0.00)
(0.00, 0.35, 0.18)
(0.00, 0.35, 0.35)
(0.00, 0.35, 0.53)
(0.00, 0.53, -0.35)
(0.00, 0.53, -0.18)
(0.00, 0.53, 0.00)
(0.00, 0.53, 0.18)
(0.00, 0.53, 0.35)
(0.18, -0.53, -0.35)
(0.18, -0.53, -0.18)
(0.18, -0.53, 0.00)
(0.18, -0.53, 0.18)
(0.18, -0.53, 0.35)
(0.18, -0.35, -0.53)
(0.18, -0.35, -0.35)
(0.18, -0.35, -0.18)
(0.18, -0.35, 0.00)
(0.18, -0.35, 0.18)
(0.18, -0.35, 0.35)
(0.18, -0.35, 0.53)
(0.18, -0.18, -0.53)
(0.18, -0.18, -0.35)
(0.18, -0.18, -0.18)
(0.18, -0.18, 0.00)
(0.18, -0.18, 0.18)
(0.18, -0.18, 0.35)
(0.18, -0.18, 0.53)
(0.18, 0.00, -0.53)
(0.18, 0.00, -0.35)
(0.18, 0.00, -0.18)
(0.18, 0.00, 0.00)
(0.18, 0.00, 0.18)
(0.18, 0.00, 0.35)
(0.18, 0.00, 0.53)
(0.18, 0.18, -0.53)
(0.18, 0.18, -0.35)
(0.18, 0.18, -0.18)
(0.18, 0.18, 0.00)
(0.18, 0.18, 0.18)
(0.18, 0.18, 0.35)
(0.18, 0.18, 0.53)
(0.18, 0.35, -0.53)
(0.18, 0.35, -0.35)
(0.18, 0.35, -0.18)
(0.18, 0.35, 0.00)
(0.18, 0.35, 0.18)
(0.18, 0.35, 0.35)
(0.18, 0.35, 0.53)
(0.18, 0.53, -0.35)
(0.18, 0.53, -0.18)
(0.18, 0.53, 0.00)
(0.18, 0.53, 0.18)
(0.18, 0.53, 0.35)
(0.35, -0.53, -0.18)
(0.35, -0.53, 0.00)
(0.35, -0.53, 0.18)
(0.35, -0.35, -0.35)
(0.35, -0.35, -0.18)
(0.35, -0.35, 0.00)
(0.35, -0.35, 0.18)
(0.35, -0.35, 0.35)
(0.35, -0.18, -0.53)
(0.35, -0.18, -0.35)
(0.35, -0.18, -0.18)
(0.35, -0.18, 0.00)
(0.35, -0.18, 0.18)
(0.35, -0.18, 0.35)
(0.35, -0.18, 0.53)
(0.35, 0.00, -0.53)
(0.35, 0.00, -0.35)
(0.35, 0.00, -0.18)
(0.35, 0.00, 0.00)
(0.35, 0.00, 0.18)
(0.35, 0.00, 0.35)
(0.35, 0.00, 0.53)
(0.35, 0.18, -0.53)
(0.35, 0.18, -0.35)
(0.35, 0.18, -0.18)
(0.35, 0.18, 0.00)
(0.35, 0.18, 0.18)
(0.35, 0.18, 0.35)
(0.35, 0.18, 0.53)
(0.35, 0.35, -0.35)
(0.35, 0.35, -0.18)
(0.35, 0.35, 0.00)
(0.35, 0.35, 0.18)
(0.35, 0.35, 0.35)
(0.35, 0.53, -0.18)
(0.35, 0.53, 0.00)
(0.35, 0.53, 0.18)
(0.53, -0.35, -0.18)
(0.53, -0.35, 0.00)
(0.53, -0.35, 0.18)
(0.53, -0.18, -0.35)
(0.53, -0.18, -0.18)
(0.53, -0.18, 0.00)
(0.53, -0.18, 0.18)
(0.53, -0.18, 0.35)
(0.53, 0.00, -0.35)
(0.53, 0.00, -0.18)
(0.53, 0.00, 0.00)
(0.53, 0.00, 0.18)
(0.53, 0.00, 0.35)
(0.53, 0.18, -0.35)
(0.53, 0.18, -0.18)
(0.53, 0.18, 0.00)
(0.53, 0.18, 0.18)
(0.53, 0.18, 0.35)
(0.53, 0.35, -0.18)
(0.53, 0.35, 0.00)
(0.53, 0.35, 0.18)
